15:00:00,11.78,--,2,3392
14:59:55,11.78,--,15,17717
14:59:50,11.78,--,28,33172
14:59:45,11.78,--,42,50512
14:59:40,11.78,--,1,2261
14:59:35,11.78,--,28,33172
14:59:30,11.78,--,11,13947
14:59:25,11.78,--,77,90847
14:59:20,11.78,--,174,205066
14:59:10,11.78,--,104,122512
14:59:10,11.78,--,102,121004
14:59:05,11.78,--,13,15455
14:59:00,11.78,--,24,28272
14:58:55,11.78,--,45,53151
14:58:50,11.78,--,37,44481
14:58:45,11.78,--,68,80292
14:58:40,11.78,--,217,256709
14:58:35,11.78,--,190,223914
14:58:30,11.78,--,216,255578
14:58:25,11.78,--,959,1129749
14:58:20,11.78,--,521,614821
14:58:15,11.78,--,112,133066
14:58:10,11.78,--,142,167370
14:58:05,11.78,--,56,67098
14:58:00,11.78,--,72,85946
14:57:55,11.78,--,21,24879
14:57:50,11.78,--,16,18848
14:57:45,11.78,--,27,32795
14:57:40,11.78,--,156,183956
14:57:35,11.78,--,48,57674
14:57:30,11.78,--,24,29402
14:57:25,11.78,--,168,197904
14:57:20,11.78,--,132,155684
14:57:15,11.78,--,109,129297
14:57:10,11.78,--,283,333609
14:57:05,11.78,--,378,446320
14:56:55,11.78,--,233,275557
14:56:55,11.78,--,1041,1226627
14:56:50,11.78,--,184,216752
14:56:45,11.78,--,484,571094
14:56:40,11.78,--,371,437273
14:56:35,11.78,--,104,122512
14:56:30,11.78,--,12,15078
14:56:25,11.78,--,120,141360
14:56:20,11.78,--,140,165108
14:56:15,11.78,--,104,123642
14:56:10,11.78,--,144,170762
14:56:05,11.78,--,64,75392
14:55:54,11.78,--,40,47120
14:55:54,11.78,--,277,326447
14:55:49,11.78,--,92,109318
14:55:44,11.78,--,55,64837
14:55:39,11.78,--,121,143621
14:55:34,11.78,--,20,23748
14:55:29,11.78,--,353,416917
14:55:24,11.78,--,64,76522
14:55:19,11.78,--,24,28272
14:55:14,11.78,--,7,8293
14:55:09,11.78,--,95,111957
14:55:04,11.78,--,38,44858
14:54:59,11.78,--,80,95370
14:54:54,11.78,--,72,85946
14:54:49,11.78,--,25,30533
14:54:44,11.78,--,56,65968
14:54:39,11.78,--,166,195642
14:54:29,11.78,--,6,7162
14:54:24,11.78,--,66,78784
14:54:19,11.78,--,64,75392
14:54:09,11.78,--,248,292144
14:53:59,11.78,--,88,104794
14:53:49,11.78,--,96,114218
14:53:39,11.78,--,22,26010
14:53:34,11.78,--,130,154176
14:53:24,11.78,--,12,14324
14:53:19,11.78,--,18,22240
14:53:14,11.78,--,188,221652
14:53:09,11.78,--,111,130805
14:53:04,11.78,--,59,70491
14:52:59,11.78,--,15,17717
14:52:54,11.78,--,12,14324
14:52:49,11.78,--,68,81046
14:52:44,11.78,--,171,201673
14:52:34,11.78,--,104,122512
14:52:34,11.78,--,72,85946
14:52:29,11.78,--,146,173024
14:52:24,11.78,--,88,104794
14:52:19,11.78,--,1,2261
14:52:14,11.78,--,127,149653
14:52:09,11.78,--,235,277065
14:52:04,11.78,--,64,75392
14:51:59,11.78,--,5,6785
14:51:54,11.78,--,133,156815
14:51:49,11.78,--,143,168501
14:51:44,11.78,--,112,133066
14:51:39,11.78,--,148,174532
14:51:34,11.78,--,69,82177
14:51:24,11.78,--,8,10554
14:51:24,11.78,--,38,44858
14:51:19,11.78,--,21,24879
14:51:14,11.78,--,108,128166
14:51:09,11.78,--,161,189987
14:51:04,11.78,--,145,171893
14:50:59,11.78,--,784,924682
14:50:54,11.78,--,209,247285
14:50:49,11.78,--,63,74261
14:50:44,11.78,--,61,71999
14:50:39,11.78,--,128,151914
14:50:34,11.78,--,107,127035
14:50:29,11.78,--,887,1044933
14:50:24,11.78,--,94,110826
14:50:19,11.78,--,65,77653
14:50:14,11.78,--,165,194511
14:50:09,11.78,--,99,117611
14:50:04,11.78,--,234,275934
14:49:59,11.78,--,329,388645
14:49:54,11.78,--,354,418048
14:49:49,11.78,--,316,372436
14:49:44,11.78,--,564,665334
14:49:39,11.78,--,319,375829
14:49:34,11.78,--,91,107433
14:49:29,11.78,--,772,910358
14:49:24,11.78,--,2019,2378617
14:49:19,11.78,--,315,372059
14:49:14,11.78,--,706,832704
14:49:09,11.78,--,932,1098084
14:49:04,11.78,--,528,623114
14:48:59,11.78,--,367,432373
14:48:54,11.78,--,563,664203
14:48:48,11.78,--,1317,1551567
14:48:43,11.78,--,101,119119
14:48:38,11.78,--,275,324939
14:48:33,11.78,--,385,454613
14:48:28,11.78,--,223,262741
14:48:23,11.78,--,224,263872
14:48:18,11.78,--,140,165108
14:48:13,11.78,--,224,263872
14:48:08,11.78,--,499,588811
14:48:03,11.78,--,296,348688
14:47:58,11.78,--,658,775406
14:47:53,11.78,--,800,943530
14:47:48,11.78,--,211,249547
14:47:43,11.78,--,37,43727
14:47:38,11.78,--,586,691344
14:47:33,11.78,--,80,94240
14:47:28,11.78,--,55,64837
14:47:23,11.78,--,180,212228
14:47:18,11.78,--,137,162469
14:47:13,11.78,--,71,83685
14:47:08,11.78,--,144,170762
14:47:03,11.78,--,265,313253
14:46:58,11.78,--,21,24879
14:46:53,11.78,--,161,190741
14:46:48,11.78,--,48,56544
14:46:43,11.78,--,208,246154
14:46:38,11.78,--,95,111957
14:46:33,11.78,--,10,12816
14:46:28,11.78,--,5,6031
14:46:18,11.78,--,8,10554
14:46:18,11.78,--,173,203935
14:46:13,11.78,--,60,71622
14:46:08,11.78,--,120,142490
14:46:03,11.78,--,13,15455
14:45:58,11.78,--,44,52020
14:45:53,11.78,--,54,64460
14:45:48,11.78,--,30,35434
14:45:43,11.78,--,144,169632
14:45:38,11.78,--,235,277065
14:45:33,11.78,--,20,24502
14:45:28,11.78,--,1012,1192324
14:45:23,11.78,--,8,9424
14:45:18,11.78,--,192,227306
14:45:13,11.78,--,666,785584
14:45:08,11.78,--,331,390153
14:45:03,11.78,--,106,125904
14:44:58,11.78,--,114,135328
14:44:53,11.78,--,348,410132
14:44:48,11.78,--,568,669104
14:44:38,11.78,--,492,580518
14:44:33,11.78,--,39,45989
14:44:28,11.78,--,278,327578
14:44:18,11.78,--,60,70868
14:44:13,11.78,--,89,105925
14:44:03,11.78,--,32,38826
14:43:58,11.78,--,22,26010
14:43:48,11.78,--,35,42219
14:43:43,11.78,--,96,113088
14:43:38,11.78,--,35,41465
14:43:33,11.78,--,26,31664
14:43:28,11.78,--,2030,2391434
14:43:23,11.78,--,12,15078
14:43:13,11.78,--,8,10554
14:43:08,11.78,--,87,102533
14:43:03,11.78,--,172,202804
14:42:58,11.78,--,1,2261
14:42:53,11.78,--,177,209589
14:42:48,11.78,--,67,79161
14:42:43,11.78,--,1,2261
14:42:32,11.78,--,38,44858
14:42:32,11.78,--,8,9424
14:42:27,11.78,--,10,12816
14:42:22,11.78,--,126,148522
14:42:17,11.78,--,19,23371
14:42:12,11.78,--,3,3769
14:42:02,11.78,--,87,102533
14:42:02,11.78,--,1,2261
14:41:57,11.78,--,4,5654
14:41:52,11.78,--,153,180563
14:41:47,11.78,--,32,38826
14:41:42,11.78,--,7,8293
14:41:32,11.78,--,36,43350
14:41:32,11.78,--,17,21109
14:41:27,11.78,--,30,35434
14:41:17,11.78,--,51,60313
14:41:12,11.78,--,3,4523
14:41:07,11.78,--,101,119119
14:41:02,11.78,--,29,35057
14:40:57,11.78,--,18,21486
14:40:52,11.78,--,16,18848
14:40:47,11.78,--,39,45989
14:40:42,11.78,--,5,6785
14:40:37,11.78,--,31,36565
14:40:32,11.78,--,25,30533
14:40:27,11.78,--,1,1507
14:40:22,11.78,--,1,2261
14:40:17,11.78,--,47,55413
14:40:12,11.78,--,9,11685
14:40:07,11.78,--,187,221275
14:40:02,11.78,--,132,155684
14:39:52,11.78,--,19,23371
14:39:47,11.78,--,100,117988
14:39:42,11.78,--,1,2261
14:39:37,11.78,--,32,37696
14:39:32,11.78,--,15,17717
14:39:22,11.78,--,7,8293
14:39:22,11.78,--,5,6031
14:39:17,11.78,--,5,6785
14:39:12,11.78,--,8,9424
14:39:07,11.78,--,86,101402
14:39:02,11.78,--,12,14324
14:38:52,11.78,--,8,9424
14:38:47,11.78,--,26,31664
14:38:42,11.78,--,5,6031
14:38:37,11.78,--,51,61067
14:38:32,11.78,--,16,18848
14:38:27,11.78,--,5,6031
14:38:22,11.78,--,24,29402
14:38:17,11.78,--,9,11685
14:38:12,11.78,--,61,71999
14:38:07,11.78,--,89,105925
14:38:02,11.78,--,102,120250
14:37:57,11.78,--,64,76522
14:37:52,11.78,--,102,120250
14:37:47,11.78,--,0,1130
14:37:37,11.78,--,27,32795
14:37:32,11.78,--,6,7162
14:37:27,11.78,--,10,12816
14:37:22,11.78,--,0,1130
14:37:17,11.78,--,32,37696
14:37:12,11.78,--,7,8293
14:37:07,11.78,--,95,111957
14:37:02,11.78,--,12,14324
14:36:57,11.78,--,2,3392
14:36:52,11.78,--,1,2261
14:36:47,11.78,--,72,84816
14:36:42,11.78,--,13,15455
14:36:37,11.78,--,34,41088
14:36:27,11.78,--,3,3769
14:36:22,11.78,--,4,5654
14:36:17,11.78,--,2,2638
14:36:12,11.78,--,54,64460
14:36:07,11.78,--,119,140229
14:35:57,11.78,--,4,4900
14:35:57,11.78,--,19,23371
14:35:52,11.78,--,0,1130
14:35:46,11.78,--,2,2638
14:35:41,11.78,--,164,194134
14:35:36,11.78,--,48,56544
14:35:31,11.78,--,280,330970
14:35:26,11.78,--,187,220521
14:35:21,11.78,--,7,8293
14:35:16,11.78,--,10,12816
14:35:11,11.78,--,28,33172
14:35:06,11.78,--,57,68229
14:35:01,11.78,--,1,2261
14:34:56,11.78,--,30,35434
14:34:46,11.78,--,8,10554
14:34:46,11.78,--,13,15455
14:34:41,11.78,--,46,55036
14:34:36,11.78,--,1,1507
14:34:31,11.78,--,18,22240
14:34:26,11.78,--,45,53151
14:34:21,11.78,--,80,94240
14:34:16,11.78,--,27,32795
14:34:11,11.78,--,81,96501
14:34:01,11.78,--,0,1130
14:33:56,11.78,--,11,13193
14:33:51,11.78,--,1,2261
14:33:46,11.78,--,26,31664
14:33:41,11.78,--,38,44858
14:33:36,11.78,--,20,23748
14:33:31,11.78,--,1,2261
14:33:26,11.78,--,17,21109
14:33:21,11.78,--,31,36565
14:33:11,11.78,--,30,35434
14:33:06,11.78,--,59,70491
14:33:01,11.78,--,24,28272
14:32:56,11.78,--,76,89716
14:32:51,11.78,--,22,26010
14:32:41,11.78,--,58,69360
14:32:36,11.78,--,200,236730
14:32:26,11.78,--,2,3392
14:32:26,11.78,--,1,1507
14:32:16,11.78,--,30,36188
14:32:16,11.78,--,5,6031
14:32:11,11.78,--,133,156815
14:32:06,11.78,--,60,71622
14:31:51,11.78,--,246,289882
14:31:51,11.78,--,16,18848
14:31:46,11.78,--,120,141360
14:31:36,11.78,--,22,26010
14:31:31,11.78,--,8,10554
14:31:21,11.78,--,1888,2225194
14:31:16,11.78,--,1,2261
14:31:11,11.78,--,131,154553
14:31:06,11.78,--,113,134197
14:31:01,11.78,--,40,48250
14:30:51,11.78,--,162,191872
14:30:46,11.78,--,7,8293
14:30:41,11.78,--,240,282720
14:30:36,11.78,--,48,56544
14:30:31,11.78,--,21,24879
14:30:26,11.78,--,0,1130
14:30:21,11.78,--,5,6031
14:30:16,11.78,--,16,18848
14:30:11,11.78,--,152,179056
14:30:06,11.78,--,60,71622
14:30:01,11.78,--,4,4900
14:29:56,11.78,--,34,41088
14:29:46,11.78,--,52,61444
14:29:41,11.78,--,111,130805
14:29:36,11.78,--,8,9424
14:29:31,11.78,--,0,1130
14:29:21,11.78,--,40,47120
14:29:21,11.78,--,20,24502
14:29:16,11.78,--,10,12062
14:29:06,11.78,--,189,223537
14:29:06,11.78,--,10,12062
14:29:01,11.78,--,8,9424
14:28:55,11.78,--,9,11685
14:28:50,11.78,--,135,159077
14:28:45,11.78,--,42,50512
14:28:40,11.78,--,117,137967
14:28:35,11.78,--,56,65968
14:28:30,11.78,--,209,247285
14:28:25,11.78,--,8,9424
14:28:20,11.78,--,13,15455
14:28:15,11.78,--,16,18848
14:28:10,11.78,--,88,103664
14:28:05,11.78,--,14,17340
14:28:00,11.78,--,19,22617
14:27:55,11.78,--,8,10554
14:27:45,11.78,--,10,12816
14:27:40,11.78,--,118,139098
14:27:35,11.78,--,15,17717
14:27:30,11.78,--,11,13947
14:27:25,11.78,--,504,593712
14:27:20,11.78,--,3,3769
14:27:15,11.78,--,4,5654
14:27:10,11.78,--,106,125150
14:27:05,11.78,--,13,16209
14:27:00,11.78,--,26,30910
14:26:55,11.78,--,8,10554
14:26:50,11.78,--,19,23371
14:26:45,11.78,--,80,95370
14:26:40,11.78,--,88,103664
14:26:35,11.78,--,28,33172
14:26:30,11.78,--,102,120250
14:26:25,11.78,--,8,10554
14:26:20,11.78,--,17,21109
14:26:15,11.78,--,80,94240
14:26:10,11.78,--,136,161338
14:26:05,11.78,--,40,47120
14:26:00,11.78,--,152,179056
14:25:55,11.78,--,22,26010
14:25:50,11.78,--,64,76522
14:25:45,11.78,--,38,44858
14:25:40,11.78,--,104,122512
14:25:35,11.78,--,41,49381
14:25:30,11.78,--,17,21109
14:25:25,11.78,--,21,24879
14:25:20,11.78,--,38,44858
14:25:07,11.78,--,100,118742
14:25:02,11.78,--,46,54282
14:24:57,11.78,--,108,127412
14:24:47,11.78,--,22,26764
14:24:42,11.78,--,36,42596
14:24:37,11.78,--,493,580895
14:24:32,11.78,--,357,421441
14:24:17,11.78,--,150,176794
14:24:17,11.78,--,79,93109
14:24:12,11.78,--,149,175663
14:24:07,11.78,--,380,448582
14:23:57,11.78,--,496,584288
14:23:47,11.78,--,300,353588
14:23:47,11.78,--,105,124773
14:23:32,11.78,--,7,8293
14:23:27,11.78,--,137,162469
14:23:17,11.78,--,13,15455
14:23:17,11.78,--,259,306091
14:23:02,11.78,--,52,61444
14:22:52,11.78,--,279,328709
14:22:52,11.78,--,113,134197
14:22:42,11.78,--,233,275557
14:22:37,11.78,--,294,346426
14:22:32,11.78,--,231,272165
14:22:27,11.78,--,53,63329
14:22:22,11.78,--,26,30910
14:22:22,11.78,--,8,10554
14:22:07,11.78,--,126,148522
14:21:57,11.78,--,40,47120
14:21:42,11.78,--,26,31664
14:21:37,11.78,--,126,148522
14:21:22,11.78,--,2,3392
14:21:17,11.78,--,5,6031
14:21:12,11.78,--,57,68229
14:21:07,11.78,--,112,133066
14:20:57,11.78,--,10,12816
14:20:52,11.78,--,20,23748
14:20:47,11.78,--,5,6031
14:20:42,11.78,--,27,32795
14:20:37,11.78,--,109,128543
14:20:22,11.78,--,15,17717
14:20:17,11.78,--,0,1130
14:20:12,11.78,--,88,104794
14:20:02,11.78,--,15,17717
14:19:57,11.78,--,25,30533
14:19:47,11.78,--,56,67098
14:19:36,11.78,--,100,117988
14:19:31,11.78,--,41,49381
14:19:21,11.78,--,10,12816
14:19:16,11.78,--,22,26010
14:19:01,11.78,--,89,105925
14:19:01,11.78,--,302,355850
14:18:56,11.78,--,15,17717
14:18:46,11.78,--,128,151914
14:18:31,11.78,--,10,12816
14:18:26,11.78,--,11,13193
14:18:21,11.78,--,4,5654
14:18:16,11.78,--,0,1130
14:18:11,11.78,--,292,344164
14:18:01,11.78,--,43,51643
14:17:56,11.78,--,104,122512
14:17:46,11.78,--,5,6031
14:17:46,11.78,--,44,52020
14:17:36,11.78,--,64,75392
14:17:31,11.78,--,4,5654
14:17:21,11.78,--,84,99140
14:17:11,11.78,--,64,76522
14:17:06,11.78,--,130,154176
14:16:56,11.78,--,16,18848
14:16:51,11.78,--,21,24879
14:16:41,11.78,--,108,128166
14:16:36,11.78,--,7,8293
14:16:26,11.78,--,7,8293
14:16:21,11.78,--,40,47120
14:16:16,11.78,--,187,220521
14:16:06,11.78,--,24,29402
14:15:56,11.78,--,24,28272
14:15:51,11.78,--,4,5654
14:15:46,11.78,--,13,15455
14:15:41,11.78,--,87,102533
14:15:36,11.78,--,14,16586
14:15:31,11.78,--,5,6785
14:15:26,11.78,--,11,13193
14:15:16,11.78,--,101,119873
14:15:11,11.78,--,86,101402
14:15:06,11.78,--,17,21109
14:15:01,11.78,--,26,30910
14:14:51,11.78,--,0,1130
14:14:46,11.78,--,25,30533
14:14:41,11.78,--,92,108564
14:14:36,11.78,--,4,5654
14:14:26,11.78,--,1,2261
14:14:21,11.78,--,2,2638
14:14:16,11.78,--,8,9424
14:14:11,11.78,--,88,103664
14:14:06,11.78,--,76,90470
14:14:01,11.78,--,44,52020
14:13:56,11.78,--,31,36565
14:13:51,11.78,--,23,27141
14:13:41,11.78,--,96,114218
14:13:36,11.78,--,5,6785
14:13:31,11.78,--,32,37696
14:13:26,11.78,--,31,36565
14:13:21,11.78,--,37,43727
14:13:16,11.78,--,1,2261
14:13:11,11.78,--,94,110826
14:13:06,11.78,--,7,8293
14:12:56,11.78,--,19,23371
14:12:51,11.78,--,12,14324
14:12:41,11.78,--,87,102533
14:12:36,11.78,--,49,58805
14:12:26,11.78,--,3,4523
14:12:16,11.78,--,13,15455
14:12:11,11.78,--,96,114218
14:12:05,11.78,--,12,14324
14:11:55,11.78,--,9,11685
14:11:50,11.78,--,83,98763
14:11:45,11.78,--,9,10931
14:11:40,11.78,--,109,129297
14:11:35,11.78,--,15,17717
14:11:30,11.78,--,20,23748
14:11:25,11.78,--,0,1130
14:11:20,11.78,--,7,8293
14:11:15,11.78,--,10,12816
14:11:10,11.78,--,109,128543
14:11:05,11.78,--,37,44481
14:11:00,11.78,--,25,29779
14:10:55,11.78,--,27,32795
14:10:45,11.78,--,1,2261
14:10:35,11.78,--,87,102533
14:10:30,11.78,--,1,2261
14:10:20,11.78,--,8,9424
14:10:15,11.78,--,99,116857
14:10:10,11.78,--,92,109318
14:10:05,11.78,--,32,37696
14:10:00,11.78,--,3,3769
14:09:55,11.78,--,0,1130
14:09:50,11.78,--,11,13947
14:09:45,11.78,--,3,3769
14:09:40,11.78,--,96,113088
14:09:35,11.78,--,0,1130
14:09:30,11.78,--,10,12816
14:09:25,11.78,--,6,7162
14:09:20,11.78,--,31,36565
14:09:15,11.78,--,5,6031
14:09:10,11.78,--,206,243516
14:09:05,11.78,--,10,12062
14:09:00,11.78,--,48,56544
14:08:55,11.78,--,12,15078
14:08:50,11.78,--,12,14324
14:08:40,11.78,--,10,12816
14:08:40,11.78,--,139,163977
14:08:35,11.78,--,9,11685
14:08:30,11.78,--,16,18848
14:08:20,11.78,--,10,12816
14:08:15,11.78,--,33,39957
14:08:10,11.78,--,148,174532
14:08:05,11.78,--,9,11685
14:08:00,11.78,--,94,110826
14:07:50,11.78,--,29,34303
14:07:45,11.78,--,91,108187
14:07:40,11.78,--,87,102533
14:07:30,11.78,--,38,44858
14:07:25,11.78,--,0,1130
14:07:20,11.78,--,58,69360
14:07:10,11.78,--,101,119119
14:07:05,11.78,--,8,10554
14:06:55,11.78,--,22,26010
14:06:50,11.78,--,15,17717
14:06:40,11.78,--,86,102156
14:06:35,11.78,--,6,7162
14:06:25,11.78,--,8,9424
14:06:20,11.78,--,1,2261
14:06:15,11.78,--,12,14324
14:06:10,11.78,--,104,122512
14:06:00,11.78,--,16,19978
14:06:00,11.78,--,1,2261
14:05:55,11.78,--,12,14324
14:05:50,11.78,--,1,2261
14:05:45,11.78,--,16,18848
14:05:40,11.78,--,134,157946
14:05:35,11.78,--,4,5654
14:05:30,11.78,--,34,40334
14:05:24,11.78,--,9,11685
14:05:19,11.78,--,3,4523
14:05:14,11.78,--,1,1507
14:05:09,11.78,--,123,145883
14:05:04,11.78,--,36,42596
14:04:59,11.78,--,13,16209
14:04:54,11.78,--,4,4900
14:04:49,11.78,--,14,16586
14:04:44,11.78,--,20,24502
14:04:39,11.78,--,87,102533
14:04:34,11.78,--,16,19978
14:04:29,11.78,--,159,187349
14:04:24,11.78,--,7,8293
14:04:19,11.78,--,16,18848
14:04:14,11.78,--,14,16586
14:04:09,11.78,--,111,130805
14:04:04,11.78,--,3,4523
14:03:54,11.78,--,9,11685
14:03:54,11.78,--,48,56544
14:03:44,11.78,--,21,24879
14:03:39,11.78,--,97,115349
14:03:34,11.78,--,4,4900
14:03:29,11.78,--,1613,1901009
14:03:24,11.78,--,14,16586
14:03:19,11.78,--,25,30533
14:03:14,11.78,--,56,65968
14:03:09,11.78,--,109,128543
14:03:04,11.78,--,47,55413
14:02:59,11.78,--,13,15455
14:02:49,11.78,--,104,123642
14:02:49,11.78,--,4,5654
14:02:44,11.78,--,4,4900
14:02:39,11.78,--,105,124773
14:02:34,11.78,--,1,2261
14:02:24,11.78,--,16,19978
14:02:19,11.78,--,9,10931
14:02:14,11.78,--,21,25633
14:02:09,11.78,--,144,169632
14:02:04,11.78,--,5,6031
14:01:59,11.78,--,3,4523
14:01:54,11.78,--,13,15455
14:01:44,11.78,--,605,712831
14:01:39,11.78,--,653,770129
14:01:34,11.78,--,43,50889
14:01:29,11.78,--,0,1130
14:01:24,11.78,--,21,24879
14:01:19,11.78,--,40,47120
14:01:14,11.78,--,33,39957
14:01:09,11.78,--,119,140229
14:01:04,11.78,--,48,57674
14:00:59,11.78,--,31,36565
14:00:54,11.78,--,0,1130
14:00:49,11.78,--,11,13947
14:00:44,11.78,--,16,19978
14:00:39,11.78,--,96,113088
14:00:34,11.78,--,37,43727
14:00:29,11.78,--,21,24879
14:00:24,11.78,--,9,11685
14:00:19,11.78,--,18,22240
14:00:14,11.78,--,3,3769
14:00:09,11.78,--,162,191872
14:00:04,11.78,--,31,36565
13:59:54,11.78,--,38,44858
13:59:54,11.78,--,8,9424
13:59:49,11.78,--,16,18848
13:59:44,11.78,--,47,55413
13:59:39,11.78,--,86,102156
13:59:34,11.78,--,19,22617
13:59:29,11.78,--,120,141360
13:59:24,11.78,--,170,201296
13:59:19,11.78,--,102,120250
13:59:14,11.78,--,11,13947
13:59:09,11.78,--,122,143998
13:59:04,11.78,--,13,16209
13:58:59,11.78,--,27,32041
13:58:54,11.78,--,2,3392
13:58:49,11.78,--,23,27141
13:58:38,11.78,--,104,123642
13:58:33,11.78,--,67,79161
13:58:28,11.78,--,19,23371
13:58:23,11.78,--,8,10554
13:58:18,11.78,--,8,9424
13:58:13,11.78,--,280,330970
13:58:08,11.78,--,104,122512
13:58:03,11.78,--,197,232207
13:57:58,11.78,--,16,18848
13:57:53,11.78,--,118,139098
13:57:43,11.78,--,34,41088
13:57:43,11.78,--,66,78784
13:57:38,11.78,--,104,122512
13:57:33,11.78,--,24,28272
13:57:28,11.78,--,1,1507
13:57:23,11.78,--,10,12816
13:57:18,11.78,--,18,22240
13:57:13,11.78,--,147,173401
13:57:03,11.78,--,146,173024
13:56:58,11.78,--,128,151914
13:56:48,11.78,--,12,14324
13:56:43,11.78,--,20,24502
13:56:38,11.78,--,127,149653
13:56:33,11.78,--,228,268772
13:56:23,11.78,--,74,88208
13:56:18,11.78,--,159,187349
13:56:08,11.78,--,459,541691
13:55:58,11.78,--,244,287620
13:55:53,11.78,--,222,261610
13:55:48,11.78,--,613,723009
13:55:38,11.78,--,147,173401
13:55:38,11.78,--,138,163600
13:55:33,11.78,--,673,793877
13:55:28,11.78,--,396,466676
13:55:18,11.78,--,0,1130
13:55:18,11.78,--,33,39957
13:55:13,11.78,--,14,16586
13:55:08,11.78,--,96,113088
13:55:03,11.78,--,6,7162
13:54:58,11.78,--,44,52774
13:54:53,11.78,--,32,37696
13:54:48,11.78,--,529,623491
13:54:43,11.78,--,107,127035
13:54:38,11.78,--,1129,1331045
13:54:33,11.78,--,301,354719
13:54:28,11.78,--,459,541691
13:54:23,11.78,--,525,618591
13:54:18,11.78,--,134,157946
13:54:13,11.78,--,856,1008368
13:54:08,11.78,--,607,715093
13:54:03,11.78,--,40,47120
13:53:58,11.78,--,131,155307
13:53:53,11.78,--,43,50889
13:53:48,11.78,--,48,57674
13:53:43,11.78,--,111,130805
13:53:38,11.78,--,363,428603
13:53:33,11.78,--,40,47120
13:53:28,11.78,--,146,173024
13:53:23,11.78,--,168,197904
13:53:18,11.78,--,85,100271
13:53:13,11.78,--,503,592581
13:53:08,11.78,--,202,238992
13:53:03,11.78,--,14,16586
13:52:58,11.78,--,0,1130
13:52:53,11.78,--,152,180186
13:52:38,11.78,--,128,151914
13:52:33,11.78,--,2,2638
13:52:28,11.78,--,25,30533
13:52:23,11.78,--,16,19978
13:52:18,11.78,--,16,18848
13:52:13,11.78,--,61,71999
13:52:08,11.78,--,96,114218
13:52:03,11.78,--,16,19978
13:51:58,11.78,--,11,13947
13:51:47,11.78,--,20,23748
13:51:42,11.78,--,2,3392
13:51:37,11.78,--,87,102533
13:51:32,11.78,--,45,53151
13:51:27,11.78,--,152,180186
13:51:25,11.78,--,59,70491
13:51:15,11.78,--,44,52020
13:51:10,11.78,--,123,145883
13:51:00,11.78,--,15,17717
13:50:55,11.78,--,163,192249
13:50:45,11.78,--,5,6785
13:50:40,11.78,--,87,102533
13:50:35,11.78,--,6,7162
13:50:25,11.78,--,1,2261
13:50:15,11.78,--,94,110826
13:50:05,11.78,--,0,1130
13:49:55,11.78,--,17,21109
13:49:50,11.78,--,15,17717
13:49:45,11.78,--,18,21486
13:49:40,11.78,--,89,105925
13:49:35,11.78,--,96,113088
13:49:30,11.78,--,27,32795
13:49:25,11.78,--,38,44858
13:49:20,11.78,--,24,29402
13:49:15,11.78,--,15,17717
13:49:05,11.78,--,101,119119
13:49:05,11.78,--,0,1130
13:49:00,11.78,--,24,28272
13:48:55,11.78,--,152,180186
13:48:50,11.78,--,24,29402
13:48:45,11.78,--,84,99140
13:48:40,11.78,--,96,114218
13:48:30,11.78,--,7,8293
13:48:25,11.78,--,5,6785
13:48:20,11.78,--,11,13193
13:48:15,11.78,--,12,15078
13:48:10,11.78,--,117,137967
13:48:05,11.78,--,19,23371
13:48:00,11.78,--,33,39203
13:47:55,11.78,--,17,21109
13:47:49,11.78,--,1,2261
13:47:44,11.78,--,16,19978
13:47:39,11.78,--,102,120250
13:47:34,11.78,--,104,123642
13:47:29,11.78,--,0,1130
13:47:24,11.78,--,20,23748
13:47:19,11.78,--,12,15078
13:47:14,11.78,--,102,120250
13:47:09,11.78,--,98,116480
13:47:04,11.78,--,36,42596
13:46:59,11.78,--,17,21109
13:46:54,11.78,--,160,189610
13:46:49,11.78,--,3,3769
13:46:47,11.78,--,2,3392
13:46:42,11.78,--,173,203935
13:46:32,11.78,--,9,11685
13:46:27,11.78,--,16,19978
13:46:17,11.78,--,4,4900
13:46:12,11.78,--,337,398069
13:46:02,11.78,--,44,52774
13:45:57,11.78,--,16,18848
13:45:52,11.78,--,65,76899
13:45:42,11.78,--,112,133066
13:45:37,11.78,--,26,31664
13:45:32,11.78,--,8,10554
13:45:27,11.78,--,44,52020
13:45:22,11.78,--,9,11685
13:45:17,11.78,--,224,265002
13:45:11,11.78,--,88,103664
13:45:06,11.78,--,45,53151
13:44:51,11.78,--,178,210720
13:44:46,11.78,--,1,2261
13:44:41,11.78,--,88,104794
13:44:36,11.78,--,5,6031
13:44:31,11.78,--,8,10554
13:44:21,11.78,--,45,53151
13:44:16,11.78,--,10,12816
13:44:11,11.78,--,136,161338
13:44:06,11.78,--,21,24879
13:44:01,11.78,--,8,9424
13:43:56,11.78,--,5,6031
13:43:51,11.78,--,12,15078
13:43:46,11.78,--,11,13193
13:43:41,11.78,--,102,121004
13:43:36,11.78,--,1,1507
13:43:31,11.78,--,510,601628
13:43:26,11.78,--,65,76899
13:43:16,11.78,--,11,13947
13:43:11,11.78,--,106,125904
13:43:06,11.78,--,29,34303
13:43:01,11.78,--,24,29402
13:42:56,11.78,--,6,7162
13:42:51,11.78,--,154,182448
13:42:46,11.78,--,8,9424
13:42:36,11.78,--,96,114218
13:42:36,11.78,--,23,27141
13:42:31,11.78,--,2,2638
13:42:26,11.78,--,1,2261
13:42:21,11.78,--,0,1130
13:42:16,11.78,--,29,34303
13:42:11,11.78,--,117,138721
13:42:06,11.78,--,27,32041
13:42:01,11.78,--,11,13947
13:41:51,11.78,--,8,9424
13:41:46,11.78,--,1,2261
13:41:41,11.78,--,93,109695
13:41:36,11.78,--,26,31664
13:41:31,11.78,--,19,22617
13:41:26,11.78,--,34,41088
13:41:21,11.78,--,3,3769
13:41:16,11.78,--,27,32795
13:41:11,11.78,--,97,115349
13:41:06,11.78,--,7,8293
13:41:01,11.78,--,1,2261
13:40:56,11.78,--,50,59182
13:40:51,11.78,--,197,232961
13:40:46,11.78,--,21,24879
13:40:41,11.78,--,109,128543
13:40:36,11.78,--,9,11685
13:40:31,11.78,--,26,31664
13:40:21,11.78,--,13,15455
13:40:16,11.78,--,25,30533
13:40:16,11.78,--,22,26010
13:40:11,11.78,--,88,104794
13:40:06,11.78,--,109,128543
13:40:01,11.78,--,36,43350
13:39:56,11.78,--,74,87454
13:39:51,11.78,--,0,1130
13:39:46,11.78,--,18,22240
13:39:41,11.78,--,102,120250
13:39:36,11.78,--,184,217882
13:39:31,11.78,--,81,96501
13:39:26,11.78,--,65,77653
13:39:21,11.78,--,29,34303
13:39:16,11.78,--,100,117988
13:39:11,11.78,--,117,138721
13:39:06,11.78,--,16,19978
13:39:01,11.78,--,6,7162
13:38:56,11.78,--,9,11685
13:38:51,11.78,--,168,197904
13:38:46,11.78,--,11,13193
13:38:41,11.78,--,100,118742
13:38:36,11.78,--,17,20355
13:38:30,11.78,--,99,117611
13:38:25,11.78,--,26,31664
13:38:20,11.78,--,130,153422
13:38:15,11.78,--,47,55413
13:38:10,11.78,--,145,171893
13:38:05,11.78,--,88,104794
13:38:00,11.78,--,46,54282
13:37:50,11.78,--,104,123642
13:37:50,11.78,--,10,12816
13:37:45,11.78,--,14,16586
13:37:40,11.78,--,98,116480
13:37:35,11.78,--,6,7162
13:37:30,11.78,--,64,75392
13:37:20,11.78,--,95,111957
13:37:20,11.78,--,2,3392
13:37:15,11.78,--,187,220521
13:37:05,11.78,--,96,114218
13:37:05,11.78,--,48,56544
13:37:00,11.78,--,16,18848
13:36:55,11.78,--,55,64837
13:36:50,11.78,--,19,23371
13:36:45,11.78,--,275,324185
13:36:40,11.78,--,164,194134
13:36:30,11.78,--,317,373567
13:36:20,11.78,--,60,71622
13:36:15,11.78,--,44,52020
13:36:10,11.78,--,117,137967
13:36:05,11.78,--,44,52774
13:35:55,11.78,--,104,122512
13:35:45,11.78,--,878,1034378
13:35:35,11.78,--,21,24879
13:35:20,11.78,--,80,95370
13:35:20,11.78,--,21,25633
13:35:15,11.78,--,72,84816
13:35:10,11.78,--,116,136836
13:35:05,11.78,--,21,24879
13:35:00,11.78,--,30,36188
13:34:55,11.78,--,29,34303
13:34:50,11.78,--,23,27141
13:34:45,11.78,--,165,194511
13:34:40,11.78,--,178,210720
13:34:35,11.78,--,80,95370
13:34:30,11.78,--,68,80292
13:34:25,11.78,--,21,25633
13:34:20,11.78,--,19,22617
13:34:15,11.78,--,16,18848
13:34:10,11.78,--,152,180186
13:34:05,11.78,--,23,27141
13:34:00,11.78,--,59,70491
13:33:55,11.78,--,28,33172
13:33:50,11.78,--,24,29402
13:33:45,11.78,--,41,49381
13:33:40,11.78,--,242,286112
13:33:35,11.78,--,24,28272
13:33:30,11.78,--,7,8293
13:33:25,11.78,--,167,196773
13:33:20,11.78,--,244,287620
13:33:15,11.78,--,98,116480
13:33:10,11.78,--,124,146260
13:33:05,11.78,--,48,56544
13:33:00,11.78,--,35,42219
13:32:55,11.78,--,21,24879
13:32:50,11.78,--,11,13947
13:32:45,11.78,--,168,199034
13:32:40,11.78,--,227,267641
13:32:35,11.78,--,9,11685
13:32:30,11.78,--,45,53151
13:32:25,11.78,--,27,32795
13:32:20,11.78,--,8,9424
13:32:15,11.78,--,32,37696
13:32:10,11.78,--,93,109695
13:32:05,11.78,--,48,57674
13:32:00,11.78,--,42,50512
13:31:55,11.78,--,119,140229
13:31:44,11.78,--,103,121381
13:31:44,11.78,--,58,69360
13:31:39,11.78,--,101,119119
13:31:34,11.78,--,361,426341
13:31:29,11.78,--,88,104794
13:31:24,11.78,--,32,37696
13:31:19,11.78,--,18,21486
13:31:14,11.78,--,12,15078
13:31:04,11.78,--,333,392415
13:31:04,11.78,--,14,16586
13:30:59,11.78,--,40,48250
13:30:54,11.78,--,129,153045
13:30:49,11.78,--,56,67098
13:30:44,11.78,--,193,228437
13:30:39,11.78,--,247,291013
13:30:34,11.78,--,25,30533
13:30:29,11.78,--,6,7162
13:30:24,11.78,--,39,45989
13:30:19,11.78,--,2,3392
13:30:14,11.78,--,10,12062
13:30:09,11.78,--,143,168501
13:30:04,11.78,--,150,177548
13:29:59,11.78,--,13,15455
13:29:54,11.78,--,28,33172
13:29:49,11.78,--,11,13947
13:29:44,11.78,--,121,143621
13:29:39,11.78,--,104,122512
13:29:34,11.78,--,35,41465
13:29:29,11.78,--,197,232961
13:29:24,11.78,--,1007,1186481
13:29:19,11.78,--,32,38826
13:29:14,11.78,--,80,95370
13:29:09,11.78,--,192,226176
13:29:04,11.78,--,7,8293
13:28:59,11.78,--,60,70680
13:28:54,11.78,--,80,94240
13:28:49,11.78,--,17,21109
13:28:44,11.78,--,29,34303
13:28:39,11.78,--,364,428792
13:28:34,11.78,--,29,35245
13:28:29,11.78,--,19,22429
13:28:24,11.78,--,76,90658
13:28:19,11.78,--,100,117800
13:28:14,11.78,--,7,8293
13:28:09,11.78,--,165,195453
13:28:04,11.78,--,16,18848
13:27:59,11.78,--,60,70680
13:27:49,11.78,--,34,40146
13:27:49,11.78,--,16,19978
13:27:44,11.78,--,60,71810
13:27:39,11.78,--,124,146072
13:27:34,11.78,--,1,1319
13:27:29,11.78,--,81,96501
13:27:24,11.78,--,7,8293
13:27:19,11.78,--,4,5842
13:27:14,11.78,--,15,17717
13:27:09,11.78,--,99,116669
13:27:04,11.78,--,33,39957
13:26:59,11.78,--,56,65968
13:26:54,11.78,--,70,82554
13:26:44,11.78,--,68,81234
13:26:39,11.78,--,240,282720
13:26:29,11.78,--,51,60125
13:26:24,11.78,--,200,235600
13:26:14,11.78,--,28,32984
13:26:09,11.78,--,162,191872
13:25:59,11.78,--,129,152103
13:25:54,11.78,--,21,25821
13:25:44,11.78,--,35,41277
13:25:39,11.78,--,192,226176
13:25:29,11.78,--,69,82365
13:25:19,11.78,--,153,180375
13:25:14,11.78,--,182,215432
13:25:04,11.78,--,30,35434
13:24:58,11.78,--,64,76522
13:24:53,11.78,--,28,32984
13:24:48,11.78,--,128,150784
13:24:43,11.78,--,50,58994
13:24:38,11.78,--,93,110637
13:24:33,11.78,--,60,70680
13:24:28,11.78,--,128,151914
13:24:23,11.78,--,109,128543
13:24:18,11.78,--,5,6973
13:24:13,11.78,--,128,151914
13:24:08,11.78,--,357,420687
13:24:03,11.78,--,40,48250
13:23:58,11.78,--,49,58805
13:23:53,11.78,--,349,411263
13:23:48,11.78,--,33,39957
13:23:43,11.78,--,36,43538
13:23:38,11.78,--,103,121381
13:23:33,11.78,--,79,93109
13:23:28,11.78,--,556,654968
13:23:23,11.78,--,137,162469
13:23:18,11.78,--,35,41277
13:23:13,11.78,--,1188,1399464
13:23:08,11.78,--,119,140229
13:23:03,11.78,--,44,52962
13:22:58,11.78,--,91,107245
13:22:53,11.78,--,96,113088
13:22:48,11.78,--,148,175474
13:22:43,11.78,--,67,78973
13:22:38,11.78,--,165,195453
13:22:33,11.78,--,86,101402
13:22:28,11.78,--,119,140229
13:22:23,11.78,--,84,98952
13:22:18,11.78,--,33,39957
13:22:13,11.78,--,12,15266
13:22:08,11.78,--,116,136648
13:22:03,11.78,--,32,37696
13:21:58,11.78,--,102,120250
13:21:53,11.78,--,44,51832
13:21:48,11.78,--,76,90658
13:21:43,11.78,--,80,94240
13:21:38,11.78,--,164,194322
13:21:33,11.78,--,22,26010
13:21:28,11.78,--,12,15266
13:21:23,11.78,--,208,245024
13:21:18,11.78,--,112,131936
13:21:13,11.78,--,30,35434
13:21:08,11.78,--,169,200165
13:21:03,11.78,--,36,43538
13:20:58,11.78,--,181,213359
13:20:53,11.78,--,288,339264
13:20:48,11.78,--,33,39957
13:20:43,11.78,--,12,14136
13:20:38,11.78,--,128,151914
13:20:33,11.78,--,12,14136
13:20:28,11.78,--,18,21298
13:20:23,11.78,--,12,15266
13:20:18,11.78,--,32,38826
13:20:13,11.78,--,2000,2356000
13:20:08,11.78,--,598,704538
13:20:03,11.78,--,39,45989
13:19:58,11.78,--,29,35245
13:19:53,11.78,--,92,108376
13:19:48,11.78,--,48,56544
13:19:43,11.78,--,83,97821
13:19:38,11.78,--,116,136648
13:19:33,11.78,--,88,104794
13:19:28,11.78,--,48,57674
13:19:23,11.78,--,113,133255
13:19:18,11.78,--,49,58805
13:19:13,11.78,--,70,82554
13:19:08,11.78,--,120,142490
13:19:03,11.78,--,88,103664
13:18:53,11.78,--,35,41277
13:18:53,11.78,--,113,134197
13:18:48,11.78,--,84,98952
13:18:43,11.78,--,32,37696
13:18:38,11.78,--,147,173213
13:18:33,11.78,--,80,95370
13:18:28,11.78,--,47,55413
13:18:22,11.78,--,171,201485
13:18:17,11.78,--,169,200165
13:18:07,11.78,--,30,35434
13:18:07,11.78,--,152,180186
13:18:02,11.78,--,43,50701
13:17:57,11.78,--,117,138909
13:17:52,11.78,--,60,70680
13:17:47,11.78,--,240,283850
13:17:42,11.78,--,18,21298
13:17:37,11.78,--,96,113088
13:17:32,11.78,--,48,56544
13:17:27,11.78,--,749,883405
13:17:22,11.78,--,28,32984
13:17:17,11.78,--,36,42408
13:17:12,11.78,--,24,28272
13:17:07,11.78,--,111,130805
13:17:02,11.78,--,126,148522
13:16:57,11.78,--,114,135328
13:16:52,11.78,--,35,41277
13:16:47,11.78,--,176,208458
13:16:42,11.78,--,75,88397
13:16:37,11.78,--,128,150784
13:16:32,11.78,--,159,187349
13:16:22,11.78,--,632,745626
13:16:07,11.78,--,230,271034
13:15:57,11.78,--,233,275557
13:15:52,11.78,--,287,338133
13:15:42,11.78,--,117,138909
13:15:37,11.78,--,240,282720
13:15:37,11.78,--,45,53151
13:15:22,11.78,--,73,87077
13:15:17,11.78,--,292,345106
13:15:07,11.78,--,227,267453
13:15:02,11.78,--,92,108376
13:14:57,11.78,--,196,230888
13:14:57,11.78,--,24,28272
13:14:47,11.78,--,320,378090
13:14:42,11.78,--,174,205066
13:14:32,11.78,--,251,295725
13:14:27,11.78,--,182,215432
13:14:17,11.78,--,271,319285
13:14:12,11.78,--,1288,1518394
13:14:02,11.78,--,86,101402
13:13:57,11.78,--,132,155496
13:13:47,11.78,--,67,78973
13:13:42,11.78,--,2096,2469088
13:13:27,11.78,--,216,255578
13:13:16,11.78,--,268,315704
13:13:11,11.78,--,99,116669
13:13:06,11.78,--,290,342656
13:12:56,11.78,--,432,508896
13:12:46,11.78,--,423,498341
13:12:41,11.78,--,194,228626
13:12:36,11.78,--,704,829312
13:12:26,11.78,--,1654,1949448
13:12:21,11.78,--,427,503053
13:12:11,11.78,--,152,179056
13:12:06,11.78,--,768,905834
13:12:01,11.78,--,1252,1474856
13:12:01,11.78,--,495,583157
13:11:51,11.78,--,1406,1656362
13:11:41,11.78,--,314,370928
13:11:36,11.78,--,190,223914
13:11:31,11.78,--,1253,1477117
13:11:16,11.78,--,547,644413
13:11:01,11.78,--,1292,1521976
13:10:46,11.78,--,2010,2367874
13:10:41,11.78,--,729,859845
13:10:31,11.78,--,179,210909
13:10:26,11.78,--,872,1027216
13:10:16,11.78,--,111,130805
13:10:11,11.78,--,498,587680
13:10:06,11.78,--,530,624434
13:10:01,11.78,--,308,363954
13:09:56,11.78,--,300,353400
13:09:51,11.78,--,904,1064912
13:09:46,11.78,--,418,492498
13:09:41,11.78,--,552,651386
13:09:41,11.78,--,973,1147277
13:09:26,11.78,--,485,571471
13:09:21,11.78,--,981,1156701
13:09:11,11.78,--,1396,1644488
13:09:06,11.78,--,1332,1570226
13:08:56,11.78,--,3073,3620889
13:08:56,11.78,--,2405,2834173
13:08:41,11.78,--,785,925248
13:08:31,11.78,--,800,943530
13:08:26,11.78,--,5552,6540256
13:08:21,11.78,--,11753,13846117
13:08:11,11.78,--,500,589000
13:08:06,11.78,--,562,662130
13:08:01,11.78,--,5744,6767562
13:07:51,11.78,--,834,982546
13:07:51,11.78,--,2881,3394901
13:07:36,11.78,--,962,1133330
13:07:31,11.78,--,1577,1858789
13:07:21,11.78,--,890,1048514
13:07:16,11.78,--,3833,4515980
13:07:06,11.78,-0.01,7521,8860821
13:07:01,11.79,0.01,5151,6073453
13:06:51,11.78,-0.01,953,1123717
13:06:51,11.79,0.01,15522,18300532
13:06:46,11.78,-0.01,1255,1478437
13:06:36,11.79,--,283,333704
13:06:31,11.79,-0.02,10220,12050511
13:06:26,11.81,-0.02,1649,1948366
13:06:16,11.83,0.03,1206,1426981
13:06:11,11.8,-0.03,8662,10221254
13:06:01,11.83,--,298,353575
13:05:56,11.83,-0.02,1284,1520107
13:05:46,11.85,0.02,182,216712
13:05:41,11.83,-0.04,1634,1933116
13:05:31,11.87,0.01,56,66472
13:05:26,11.86,-0.01,92,110250
13:05:21,11.87,--,485,576787
13:05:16,11.87,-0.01,217,258291
13:05:11,11.88,--,1225,1456012
13:05:06,11.88,--,390,464365
13:05:01,11.88,0.02,1351,1605035
13:04:51,11.86,-0.03,848,1006866
13:04:41,11.89,--,327,388850
13:04:36,11.89,-0.01,523,621894
13:04:26,11.9,--,193,230764
13:04:21,11.9,-0.01,444,529502
13:04:06,11.91,0.01,249,296701
13:04:06,11.9,-0.02,2808,3341520
13:04:01,11.92,--,124,148952
13:03:56,11.92,0.01,80,95360
13:03:51,11.91,--,357,426282
13:03:46,11.91,-0.01,311,370448
13:03:36,11.92,-0.02,1000,1192000
13:03:26,11.94,--,204,243576
13:03:21,11.94,--,26,31139
13:03:16,11.94,--,774,925206
13:03:06,11.94,0.03,219,261533
13:03:01,11.91,-0.04,179,213236
13:02:51,11.95,0.01,1961,2344494
13:02:46,11.94,-0.01,290,346355
13:02:36,11.95,-0.03,176,210320
13:02:31,11.98,-0.01,159,190529
13:02:21,11.99,-0.01,188,226563
13:02:16,12.0,--,776,932352
13:02:01,12.0,-0.02,928,1114560
13:01:51,12.02,-0.02,521,627347
13:01:46,12.04,0.04,1058,1274120
13:01:36,12.0,-0.04,1162,1394496
13:01:26,12.04,0.02,211,254477
13:01:21,12.02,0.01,506,608500
13:01:11,12.01,0.01,164,197156
13:01:06,12.0,0.05,379,455616
13:00:56,11.95,--,32,39196
13:00:51,11.95,-0.05,1401,1675103
13:00:41,12.0,0.05,715,858816
13:00:21,11.95,0.01,669,799980
13:00:21,11.94,0.01,1224,1462220
13:00:11,11.93,-0.02,2743,3272446
13:00:06,11.95,0.04,9446,11288830
11:30:01,11.91,--,46,54881
11:29:56,11.91,--,106,127294
11:29:51,11.91,-0.01,99,117956
11:29:46,11.92,0.01,122,145519
11:29:41,11.91,0.01,80,96423
11:29:36,11.9,0.02,129,154604
11:29:31,11.88,--,1041,1236850
11:29:26,11.88,-0.01,333,396696
11:29:21,11.89,-0.01,424,505087
11:29:16,11.9,0.01,253,301403
11:29:11,11.89,--,88,104632
11:29:06,11.89,-0.01,55,66393
11:29:01,11.9,0.01,58,70067
11:28:56,11.89,-0.01,148,176352
11:28:51,11.9,0.02,312,372422
11:28:46,11.88,--,919,1092769
11:28:41,11.88,0.01,360,428820
11:28:36,11.87,-0.01,272,322864
11:28:31,11.88,--,181,216120
11:28:26,11.88,--,427,507323
11:28:20,11.88,-0.02,350,415895
11:28:15,11.9,-0.02,398,474667
11:28:05,11.92,0.03,287,342151
11:28:00,11.89,-0.01,189,224863
11:27:55,11.9,--,740,881742
11:27:50,11.9,--,136,162982
11:27:40,11.9,-0.02,516,615182
11:27:40,11.92,0.04,172,205024
11:27:35,11.88,-0.03,424,504852
11:27:30,11.91,0.01,171,204280
11:27:25,11.9,-0.01,106,126235
11:27:20,11.91,0.01,284,338434
11:27:15,11.9,-0.01,60,71400
11:27:10,11.91,0.02,310,369495
11:27:04,11.89,-0.01,105,125938
11:26:59,11.9,--,183,217817
11:26:49,11.9,-0.01,80,95200
11:26:49,11.91,--,98,117194
11:26:44,11.91,0.01,28,33729
11:26:39,11.9,0.01,53,63212
11:26:34,11.89,-0.01,131,155806
11:26:29,11.9,--,153,183164
11:26:24,11.9,--,302,359475
11:26:19,11.9,--,198,236667
11:26:14,11.9,--,135,160697
11:26:09,11.9,-0.01,1096,1305382
11:26:04,11.91,0.01,54,64409
11:25:59,11.9,-0.05,169,202204
11:25:54,11.95,--,131,156592
11:25:49,11.95,--,91,108792
11:25:44,11.95,0.02,28,34607
11:25:39,11.93,--,100,120445
11:25:34,11.93,--,17,20424
11:25:29,11.93,-0.02,128,152704
11:25:24,11.95,--,80,96747
11:25:19,11.95,0.04,151,180492
11:25:14,11.91,-0.02,304,362064
11:25:09,11.93,-0.02,196,233828
11:25:04,11.95,0.02,852,1018139
11:24:59,11.93,-0.05,216,257688
11:24:54,11.98,--,84,101782
11:24:49,11.98,-0.01,201,241900
11:24:44,11.99,0.03,161,193182
11:24:39,11.96,--,60,72908
11:24:29,11.96,0.01,168,200928
11:24:29,11.95,-0.05,38,45888
11:24:24,12.0,--,366,439872
11:24:19,12.0,0.03,700,840000
11:24:14,11.97,-0.03,242,289769
11:24:09,12.0,0.02,638,766656
11:24:04,11.98,--,130,156410
11:23:59,11.98,-0.02,85,102740
11:23:54,12.0,--,144,172800
11:23:49,12.0,0.03,184,220800
11:23:44,11.97,-0.03,128,154173
11:23:39,12.0,0.04,567,681408
11:23:34,11.96,0.02,395,473424
11:23:29,11.94,-0.03,124,148629
11:23:24,11.97,-0.02,68,82545
11:23:19,11.99,0.06,298,357781
11:23:14,11.93,-0.03,233,278684
11:23:09,11.96,0.02,168,202076
11:23:04,11.94,0.01,75,89597
11:22:59,11.93,--,207,247380
11:22:54,11.93,0.06,2360,2816243
11:22:49,11.87,-0.01,580,689599
11:22:44,11.88,0.01,464,551802
11:22:39,11.87,-0.01,272,322864
11:22:34,11.88,0.02,259,307739
11:22:29,11.86,-0.04,143,170404
11:22:24,11.9,0.01,368,438872
11:22:19,11.89,--,100,120041
11:22:09,11.89,--,288,342432
11:22:09,11.89,-0.01,159,189479
11:22:04,11.9,--,208,247520
11:21:54,11.9,--,665,791683
11:21:54,11.9,-0.01,212,252280
11:21:49,11.91,0.01,594,707930
11:21:44,11.9,--,296,352240
11:21:39,11.9,-0.01,440,523600
11:21:34,11.91,0.01,353,421518
11:21:29,11.9,--,353,420212
11:21:24,11.9,-0.01,652,777022
11:21:19,11.91,0.01,380,452580
11:21:09,11.9,--,181,216484
11:21:09,11.9,0.03,326,388606
11:21:04,11.87,-0.01,101,120979
11:20:59,11.88,0.03,557,661858
11:20:54,11.85,-0.01,236,279660
11:20:49,11.86,0.02,464,550304
11:20:44,11.84,--,286,339665
11:20:34,11.84,0.01,348,412410
11:20:34,11.83,--,301,357171
11:20:29,11.83,--,251,296980
11:20:25,11.83,0.01,1208,1429064
11:20:20,11.82,0.01,780,923094
11:20:10,11.81,--,1403,1657368
11:20:10,11.81,--,71,83898
11:20:05,11.81,0.01,208,246403
11:20:00,11.8,-0.01,2905,3428230
11:19:55,11.81,--,1395,1647542
11:19:50,11.81,0.01,1334,1576493
11:19:45,11.8,-0.01,1542,1819654
11:19:40,11.81,--,495,584642
11:19:35,11.81,--,1001,1182322
11:19:30,11.81,--,604,714457
11:19:25,11.81,--,445,525686
11:19:20,11.81,-0.02,693,819519
11:19:15,11.83,--,1326,1569699
11:19:10,11.83,--,348,411684
11:19:05,11.83,--,878,1038768
11:19:00,11.83,-0.01,185,219943
11:18:55,11.84,--,1335,1580687
11:18:50,11.84,--,344,408432
11:18:45,11.84,-0.02,1456,1725040
11:18:35,11.86,--,189,224296
11:18:35,11.86,0.01,194,231127
11:18:30,11.85,-0.01,914,1083564
11:18:25,11.86,--,350,415194
11:18:20,11.86,--,392,466050
11:18:15,11.86,-0.02,812,963032
11:18:10,11.88,0.02,404,479952
11:18:05,11.86,-0.02,442,524496
11:18:00,11.88,--,612,727056
11:17:55,11.88,0.02,354,421597
11:17:50,11.86,-0.03,363,430565
11:17:45,11.89,-0.01,323,384094
11:17:40,11.9,0.01,548,653072
11:17:30,11.89,--,199,236658
11:17:30,11.89,--,1166,1387039
11:17:24,11.89,-0.05,1450,1724145
11:17:19,11.94,0.05,744,889482
11:17:14,11.89,-0.05,452,538569
11:17:09,11.94,0.07,266,317699
11:17:04,11.87,-0.03,1384,1642808
11:16:59,11.9,--,60,72542
11:16:54,11.9,-0.08,6623,7882369
11:16:49,11.98,0.03,2830,3391394
11:16:44,11.95,-0.03,3584,4283453
11:16:39,11.98,--,68,81464
11:16:34,11.98,--,224,269118
11:16:29,11.98,--,136,164078
11:16:24,11.98,--,83,99481
11:16:14,11.98,-0.02,788,944024
11:16:14,12.0,0.03,176,212352
11:16:09,11.97,-0.01,67,80246
11:16:04,11.98,-0.02,211,252825
11:15:59,12.0,0.02,72,86400
11:15:54,11.98,--,301,361700
11:15:49,11.98,-0.02,238,285219
11:15:44,12.0,0.02,341,410112
11:15:39,11.98,-0.02,128,154494
11:15:29,12.0,--,74,89856
11:15:29,12.0,0.02,598,717888
11:15:24,11.98,-0.02,77,92389
11:15:19,12.0,0.02,208,249600
11:15:09,11.98,--,650,779754
11:15:09,11.98,--,388,465399
11:15:04,11.98,0.03,160,191680
11:14:59,11.95,-0.03,304,363280
11:14:49,11.98,--,1283,1538040
11:14:49,11.98,0.03,133,160436
11:14:44,11.95,-0.03,127,151812
11:14:39,11.98,0.01,261,313780
11:14:34,11.97,0.04,800,957983
11:14:29,11.93,--,217,259978
11:14:24,11.93,0.01,488,582184
11:14:19,11.92,-0.01,482,574639
11:14:14,11.93,0.01,913,1090306
11:14:09,11.92,0.01,150,179276
11:13:59,11.91,-0.01,51,60788
11:13:54,11.92,-0.01,300,357600
11:13:44,11.93,-0.01,77,92958
11:13:39,11.94,--,1715,2047757
11:13:29,11.94,-0.03,415,495557
11:13:19,11.97,-0.01,587,702686
11:13:04,11.98,--,168,202414
11:13:04,11.98,-0.01,184,220432
11:12:59,11.99,--,167,200280
11:12:54,11.99,-0.01,92,111459
11:12:49,12.0,--,221,266304
11:12:44,12.0,0.01,773,927744
11:12:34,11.99,-0.02,658,789229
11:12:29,12.01,0.01,1503,1805343
11:12:19,12.0,-0.02,489,587904
11:12:14,12.02,-0.01,187,224822
11:12:09,12.03,0.01,1345,1618179
11:12:04,12.02,-0.03,293,353291
11:11:59,12.05,0.01,530,638746
11:11:54,12.04,-0.01,269,324983
11:11:49,12.05,0.01,467,563554
11:11:44,12.04,-0.01,206,248312
11:11:39,12.05,0.01,364,438620
11:11:34,12.04,-0.02,485,584084
11:11:29,12.06,0.01,467,563250
11:11:24,12.05,-0.05,200,241000
11:11:19,12.1,0.04,287,347318
11:11:14,12.06,0.02,344,416021
11:11:09,12.04,0.01,148,179347
11:11:04,12.03,-0.01,156,188822
11:10:59,12.04,-0.01,214,257752
11:10:54,12.05,0.01,309,373453
11:10:49,12.04,0.02,809,974180
11:10:44,12.02,-0.02,312,375024
11:10:38,12.04,0.02,144,173376
11:10:33,12.02,0.02,818,984293
11:10:28,12.0,--,676,812352
11:10:23,12.0,-0.01,244,293952
11:10:18,12.01,0.01,440,528440
11:10:13,12.0,--,142,170496
11:10:08,12.0,--,434,521472
11:09:58,12.0,--,368,441600
11:09:58,12.0,--,76,92352
11:09:53,12.0,--,197,237504
11:09:48,12.0,-0.01,292,350400
11:09:43,12.01,--,518,622214
11:09:38,12.01,--,454,545350
11:09:33,12.01,--,364,437164
11:09:28,12.01,0.01,659,792467
11:09:23,12.0,-0.01,832,998976
11:09:13,12.01,--,860,1032860
11:09:13,12.01,--,316,379516
11:09:08,12.01,--,532,640084
11:09:03,12.01,-0.01,446,535742
11:08:58,12.02,-0.02,1205,1449515
11:08:53,12.04,0.02,574,691192
11:08:48,12.02,0.01,1875,2254375
11:08:43,12.01,-0.01,401,481745
11:08:38,12.02,0.01,2394,2878068
11:08:33,12.01,--,372,447924
11:08:28,12.01,-0.02,695,835319
11:08:23,12.03,-0.01,384,461952
11:08:18,12.04,--,459,552684
11:08:08,12.04,-0.01,404,487571
11:08:08,12.05,0.01,222,267606
11:08:03,12.04,-0.01,143,172220
11:07:58,12.05,-0.05,389,469853
11:07:53,12.1,--,260,315761
11:07:48,12.1,-0.01,430,520396
11:07:43,12.11,-0.02,529,641733
11:07:38,12.13,-0.01,205,248810
11:07:33,12.14,--,232,281648
11:07:28,12.14,-0.01,144,174816
11:07:23,12.15,-0.01,944,1146960
11:07:18,12.16,-0.02,233,283473
11:07:13,12.18,-0.01,1292,1573656
11:07:08,12.19,0.01,175,213373
11:07:03,12.18,-0.02,2545,3100930
11:06:58,12.2,--,372,455011
11:06:53,12.2,-0.02,1210,1476883
11:06:48,12.22,--,305,373834
11:06:43,12.22,--,212,259064
11:06:38,12.22,-0.02,645,788336
11:06:33,12.24,0.02,3613,4423438
11:06:28,12.22,--,448,548629
11:06:23,12.22,-0.02,319,389866
11:06:18,12.24,0.02,483,591240
11:06:13,12.22,-0.01,1651,2017570
11:06:08,12.23,--,1032,1262136
11:06:03,12.23,0.01,529,648092
11:05:58,12.22,0.01,270,330037
11:05:53,12.21,-0.01,497,607960
11:05:48,12.22,--,320,391040
11:05:43,12.22,--,428,523016
11:05:38,12.22,0.02,359,438746
11:05:28,12.2,-0.01,184,224480
11:05:28,12.21,--,1000,1222172
11:05:23,12.21,0.01,860,1050646
11:05:18,12.2,--,602,734537
11:05:13,12.2,--,468,572131
11:05:08,12.2,--,1140,1390800
11:04:49,12.2,--,1463,1784908
11:04:49,12.2,0.01,907,1106588
11:04:44,12.19,-0.01,1285,1567536
11:04:34,12.2,--,1259,1536028
11:04:34,12.2,0.01,711,867468
11:04:29,12.19,--,444,542406
11:04:24,12.19,--,325,397296
11:04:19,12.19,0.01,1421,1732345
11:04:14,12.18,-0.01,408,496944
11:04:09,12.19,0.01,396,483894
11:04:04,12.18,-0.01,157,192346
11:03:59,12.19,0.03,54,65923
11:03:54,12.16,--,690,840110
11:03:44,12.16,--,771,937584
11:03:34,12.16,--,380,462080
11:03:29,12.16,0.02,816,993423
11:03:24,12.14,-0.01,1248,1515072
11:03:14,12.15,0.01,2388,2901420
11:02:59,12.14,--,236,286504
11:02:54,12.14,0.03,989,1201762
11:02:49,12.11,--,720,873082
11:02:39,12.11,0.01,7663,9279941
11:02:29,12.1,0.02,571,690958
11:02:24,12.08,--,1228,1483424
11:02:14,12.08,--,87,105144
11:02:09,12.08,0.01,53,65135
11:02:04,12.07,-0.02,143,172649
11:01:54,12.09,0.03,183,221295
11:01:49,12.06,--,461,557075
11:01:39,12.06,0.03,1602,1932108
11:01:34,12.03,-0.01,1352,1626456
11:01:24,12.04,--,188,227507
11:01:19,12.04,--,511,615292
11:01:09,12.04,0.01,1197,1442295
11:01:04,12.03,--,315,378993
11:00:59,12.03,--,168,203258
11:00:54,12.03,--,666,801294
11:00:54,12.03,0.02,328,394584
11:00:49,12.01,--,192,230592
11:00:39,12.01,--,588,707340
11:00:34,12.01,--,1410,1694466
11:00:23,12.01,0.01,375,450423
11:00:18,12.0,--,186,223296
11:00:13,12.0,-0.01,612,734976
11:00:03,12.01,--,308,369908
10:59:58,12.01,-0.01,1779,2136627
10:59:48,12.02,--,148,177896
10:59:43,12.02,--,513,617731
10:59:33,12.02,-0.01,672,808897
10:59:28,12.03,--,578,695430
10:59:23,12.03,0.01,776,933528
10:59:18,12.02,--,984,1182768
10:59:13,12.02,-0.01,985,1185075
10:59:08,12.03,-0.03,306,368214
10:58:58,12.06,--,539,650082
10:58:53,12.06,--,1010,1219121
10:58:43,12.06,--,529,638118
10:58:38,12.06,-0.04,965,1164899
10:58:28,12.1,-0.02,306,370356
10:58:23,12.12,--,1324,1604688
10:58:13,12.12,-0.01,552,669024
10:58:03,12.13,0.01,188,228044
10:57:58,12.12,-0.01,1016,1231392
10:57:53,12.13,0.02,1318,1599801
10:57:38,12.11,-0.04,475,575273
10:57:38,12.15,0.05,9080,11033366
10:57:28,12.1,-0.01,947,1145918
10:57:23,12.11,0.01,999,1209837
10:57:18,12.1,0.01,1079,1305638
10:57:03,12.09,0.02,208,252632
10:56:58,12.07,0.02,448,541894
10:56:48,12.05,-0.01,290,349546
10:56:48,12.06,0.01,146,177137
10:56:38,12.05,0.04,1324,1595998
10:56:28,12.01,0.01,473,568217
10:56:23,12.0,--,849,1019904
10:56:18,12.0,--,3348,4017984
10:56:13,12.0,--,1624,1948800
10:56:08,12.0,0.05,796,955200
10:56:03,11.95,-0.01,600,717000
10:55:53,11.96,-0.03,153,184088
10:55:48,11.99,--,1161,1392566
10:55:38,11.99,--,158,190497
10:55:33,11.99,0.09,1854,2223041
10:55:23,11.9,-0.01,616,733040
10:55:18,11.91,-0.01,308,367971
10:55:13,11.92,0.02,1384,1649728
10:55:08,11.9,-0.01,146,173835
10:55:03,11.91,-0.01,312,372735
10:54:53,11.92,--,652,777184
10:54:48,11.92,--,176,209792
10:54:43,11.92,-0.03,616,735416
10:54:33,11.95,-0.03,1238,1479505
10:54:18,11.98,0.02,132,159286
10:54:13,11.96,--,905,1083480
10:54:03,11.96,--,140,167440
10:53:58,11.96,0.05,147,175859
10:53:53,11.91,--,126,150161
10:53:48,11.91,0.01,210,251158
10:53:43,11.9,0.02,165,196492
10:53:38,11.88,0.02,380,452580
10:53:33,11.86,-0.01,307,364149
10:53:28,11.87,-0.01,332,395223
10:53:23,11.88,0.03,128,152064
10:53:18,11.85,0.01,1495,1771812
10:53:13,11.84,--,677,802657
10:53:08,11.84,0.01,368,436848
10:52:58,11.83,--,394,466196
10:52:53,11.83,-0.01,923,1091956
10:52:43,11.84,0.01,673,797921
10:52:38,11.83,-0.01,2746,3248612
10:52:33,11.84,-0.04,488,577792
10:52:28,11.88,0.03,680,807840
10:52:23,11.85,--,1548,1834380
10:52:13,11.85,--,426,505852
10:52:13,11.85,--,429,508507
10:52:03,11.85,--,54,65032
10:51:58,11.85,--,180,213300
10:51:53,11.85,-0.05,313,371047
10:51:48,11.9,-0.05,821,978084
10:51:43,11.95,--,200,240147
10:51:38,11.95,--,861,1029038
10:51:33,11.95,-0.03,118,142061
10:51:28,11.98,0.01,326,390643
10:51:23,11.97,--,116,138852
10:51:18,11.97,-0.03,903,1080938
10:51:08,12.0,--,313,376704
10:51:03,12.0,--,1419,1703040
10:50:53,12.0,--,2448,2937600
10:50:48,12.0,-0.01,1123,1347648
10:50:43,12.01,--,3339,4010187
10:50:28,12.01,0.01,1825,2192737
10:50:13,12.0,--,1396,1675200
10:50:03,12.0,-0.01,548,657600
10:49:53,12.01,--,2276,2733476
10:49:43,12.01,-0.01,658,791314
10:49:38,12.02,-0.01,141,169626
10:49:33,12.03,0.02,890,1071728
10:49:28,12.01,--,558,670254
10:49:22,12.01,--,1171,1406419
10:49:17,12.01,--,1041,1251345
10:49:12,12.01,--,1101,1322445
10:49:07,12.01,--,673,809377
10:49:02,12.01,0.01,1268,1524020
10:48:57,12.0,--,1031,1237248
10:48:52,12.0,0.03,1444,1733952
10:48:47,11.97,-0.03,661,791360
10:48:42,12.0,0.01,737,885504
10:48:37,11.99,-0.01,608,730143
10:48:32,12.0,--,844,1012800
10:48:27,12.0,--,706,847296
10:48:22,12.0,-0.02,2781,3338304
10:48:17,12.02,0.01,848,1019296
10:48:07,12.01,--,704,845504
10:48:02,12.01,-0.02,662,795158
10:47:57,12.03,-0.01,439,528165
10:47:52,12.04,--,571,688110
10:47:47,12.04,-0.02,1488,1791551
10:47:37,12.06,0.01,856,1032336
10:47:32,12.05,--,15524,18707576
10:47:17,12.05,-0.03,3007,3623483
10:47:12,12.08,-0.02,2644,3195111
10:47:02,12.1,-0.01,1031,1247558
10:46:57,12.11,--,6674,8083279
10:46:47,12.11,-0.01,2825,3421220
10:46:42,12.12,0.01,7925,9606215
10:46:32,12.11,-0.03,343,415421
10:46:27,12.14,-0.01,2247,2727906
10:46:22,12.15,--,7868,9560786
10:46:17,12.15,--,7447,9048153
10:46:12,12.15,--,3904,4743360
10:46:07,12.15,-0.03,3144,3819960
10:46:02,12.18,--,874,1065603
10:45:52,12.18,-0.01,1192,1451856
10:45:52,12.19,--,1239,1510389
10:45:47,12.19,-0.01,1970,2402112
10:45:42,12.2,-0.01,3804,4642051
10:45:37,12.21,0.01,9711,11857179
10:45:27,12.2,--,2138,2609433
10:45:22,12.2,0.02,5058,6170857
10:45:17,12.18,-0.02,1043,1270422
10:45:07,12.2,-0.01,2174,2653353
10:45:07,12.21,0.01,16157,19728038
10:44:57,12.2,--,3630,4428697
10:44:52,12.2,0.02,848,1035731
10:44:47,12.18,-0.02,832,1013376
10:44:42,12.2,0.04,496,605120
10:44:37,12.16,-0.02,564,685824
10:44:32,12.18,0.04,5816,7085057
10:44:22,12.14,0.02,3556,4318149
10:44:17,12.12,-0.02,1320,1599840
10:44:12,12.14,0.02,1332,1618213
10:44:07,12.12,-0.02,423,513694
10:44:02,12.14,0.04,9407,11420146
10:43:52,12.1,0.01,1289,1560803
10:43:47,12.09,-0.01,860,1039740
10:43:42,12.1,0.04,469,567635
10:43:37,12.06,--,180,218237
10:43:32,12.06,0.03,1399,1687821
10:43:22,12.03,0.01,1617,1945972
10:43:17,12.02,--,1273,1530290
10:43:17,12.02,0.02,3168,3808128
10:43:07,12.0,0.01,2982,3578496
10:43:02,11.99,0.02,1901,2280402
10:42:52,11.97,0.05,978,1170761
10:42:47,11.92,0.02,628,749720
10:42:42,11.9,0.05,1344,1600502
10:42:37,11.85,0.02,1592,1887657
10:42:32,11.83,0.04,1964,2323412
10:42:27,11.79,0.01,3410,4021050
10:42:22,11.78,--,22896,26972618
10:42:17,11.78,--,28511,33586005
10:42:12,11.78,--,24521,28886821
10:42:02,11.78,--,14622,17224810
10:41:52,11.78,--,5633,6636757
10:41:52,11.78,--,2126,2504522
10:41:47,11.78,--,2490,2934256
10:41:42,11.78,--,11445,13482351
10:41:32,11.78,--,7240,8529850
10:41:27,11.78,--,16700,19673730
10:41:12,11.78,--,712,839866
10:41:07,11.78,--,1072,1262816
10:40:57,11.78,--,10581,12464559
10:40:52,11.78,--,592,698506
10:40:42,11.78,--,10064,11855392
10:40:37,11.78,--,697,822149
10:40:22,11.78,--,130,153234
10:40:17,11.78,--,2197,2589149
10:40:07,11.78,--,365,430111
10:40:02,11.78,--,472,556016
10:39:52,11.78,--,36,42408
10:39:47,11.78,--,330,389776
10:39:37,11.78,--,355,418237
10:39:32,11.78,--,324,382802
10:39:22,11.78,--,939,1106189
10:39:22,11.78,--,326,384122
10:39:17,11.78,--,788,929394
10:39:12,11.78,--,457,539429
10:39:01,11.78,--,385,453671
10:38:56,11.78,--,1457,1717429
10:38:46,11.78,--,364,428792
10:38:41,11.78,--,380,447640
10:38:31,11.78,--,184,216752
10:38:26,11.78,--,878,1034378
10:38:16,11.78,--,192,227306
10:38:11,11.78,--,1685,1986013
10:38:06,11.78,--,1136,1338208
10:38:06,11.78,--,404,475912
10:37:56,11.78,--,267,314573
10:37:51,11.78,--,10362,12206530
10:37:41,11.78,--,270,319096
10:37:36,11.78,--,292,343976
10:37:26,11.78,--,205,241631
10:37:21,11.78,--,98,116480
10:37:16,11.78,--,526,619722
10:37:11,11.78,--,167,196773
10:37:06,11.78,--,692,815176
10:36:56,11.78,--,180,213170
10:36:46,11.78,--,141,167181
10:36:46,11.78,--,42,49570
10:36:41,11.78,--,21,25821
10:36:36,11.78,--,820,965960
10:36:31,11.78,--,85,100271
10:36:26,11.78,--,148,174344
10:36:21,11.78,--,138,163600
10:36:11,11.78,--,108,127224
10:36:06,11.78,--,172,202616
10:36:01,11.78,--,70,82554
10:35:56,11.78,--,141,167181
10:35:51,11.78,--,779,917709
10:35:41,11.78,--,515,606717
10:35:36,11.78,--,195,229757
10:35:26,11.78,--,80,95370
10:35:21,11.78,--,172,202616
10:35:11,11.78,--,129,153045
10:35:06,11.78,--,15,17717
10:35:01,11.78,--,436,514738
10:34:51,11.78,--,368,433504
10:34:46,11.78,--,155,182637
10:34:36,11.78,--,134,157946
10:34:26,11.78,--,162,191872
10:34:26,11.78,--,259,305149
10:34:16,11.78,--,48,57674
10:34:16,11.78,--,131,154365
10:34:11,11.78,--,28,32984
10:34:06,11.78,--,180,213170
10:34:01,11.78,--,75,88397
10:33:56,11.78,--,247,291013
10:33:51,11.78,--,23,27141
10:33:46,11.78,--,42,50512
10:33:41,11.78,--,519,611429
10:33:31,11.78,--,70,82554
10:33:26,11.78,--,406,479304
10:33:16,11.78,--,121,142679
10:33:11,11.78,--,237,280269
10:33:01,11.78,--,100,117800
10:32:56,11.78,--,172,203746
10:32:51,11.78,--,231,272165
10:32:46,11.78,--,30,35434
10:32:41,11.78,--,128,151914
10:32:36,11.78,--,112,131936
10:32:31,11.78,--,428,504184
10:32:26,11.78,--,461,544141
10:32:16,11.78,--,126,148522
10:32:11,11.78,--,140,164920
10:32:06,11.78,--,223,262741
10:32:01,11.78,--,128,151914
10:31:56,11.78,--,1072,1263946
10:31:46,11.78,--,2056,2423098
10:31:41,11.78,--,1004,1182712
10:31:26,11.78,--,812,956536
10:31:21,11.78,--,511,602005
10:31:11,11.78,--,291,342845
10:31:06,11.78,--,768,904704
10:30:56,11.78,--,164,193192
10:30:51,11.78,--,333,393357
10:30:46,11.78,--,81,95559
10:30:41,11.78,--,156,183768
10:30:36,11.78,--,822,969352
10:30:21,11.78,--,185,218071
10:30:21,11.78,--,188,222594
10:30:16,11.78,--,635,748077
10:30:11,11.78,--,774,912808
10:30:06,11.78,--,463,545461
10:30:01,11.78,--,182,214490
10:29:56,11.78,--,337,398069
10:29:51,11.78,--,166,195642
10:29:46,11.78,--,157,186029
10:29:36,11.78,--,328,387514
10:29:36,11.78,--,293,345295
10:29:31,11.78,--,204,241442
10:29:26,11.78,--,568,670234
10:29:16,11.78,--,1535,1808277
10:29:11,11.78,--,344,405232
10:29:06,11.78,--,613,723197
10:28:56,11.78,--,157,185087
10:28:51,11.78,--,754,889248
10:28:41,11.78,--,264,310992
10:28:36,11.78,--,418,492498
10:28:31,11.78,--,448,528874
10:28:21,11.78,--,324,382802
10:28:16,11.78,--,400,471200
10:28:10,11.78,--,346,407682
10:28:05,11.78,--,584,687952
10:28:00,11.78,--,324,381672
10:27:55,11.78,--,356,419368
10:27:50,11.78,--,348,411074
10:27:40,11.78,--,408,480624
10:27:35,11.78,--,383,451221
10:27:30,11.78,--,435,512477
10:27:25,11.78,--,493,581837
10:27:20,11.78,--,1142,1345370
10:27:10,11.78,--,1128,1328784
10:27:05,11.78,--,1592,1875376
10:26:50,11.78,--,1280,1507840
10:26:45,11.78,--,4714,5554128
10:26:35,11.78,--,613,722255
10:26:30,11.78,--,474,559408
10:26:25,11.78,--,1429,1683503
10:26:20,11.78,-0.01,7808,9198766
10:26:15,11.79,0.01,2248,2650392
10:26:10,11.78,-0.01,4613,5435197
10:25:50,11.79,0.01,4035,4757312
10:25:50,11.78,-0.01,1517,1788109
10:25:45,11.79,-0.01,2068,2438172
10:25:35,11.8,0.01,1307,1542307
10:25:30,11.79,-0.01,4895,5771252
10:25:20,11.8,-0.01,2090,2467049
10:25:15,11.81,--,1027,1212934
10:25:10,11.81,0.01,292,344852
10:25:05,11.8,-0.01,230,271494
10:25:00,11.81,0.01,380,449913
10:24:55,11.8,-0.02,979,1155267
10:24:50,11.82,0.02,736,871086
10:24:45,11.8,0.01,181,214665
10:24:40,11.79,--,2417,2849784
10:24:35,11.79,--,178,210899
10:24:30,11.79,--,511,602516
10:24:25,11.79,--,340,400860
10:24:20,11.79,0.01,1888,2227083
10:24:10,11.78,--,791,931845
10:24:05,11.78,--,8195,9654134
10:23:55,11.78,--,2160,2544480
10:23:50,11.78,--,16346,19255682
10:23:40,11.78,--,892,1050776
10:23:30,11.78,--,2232,2630426
10:23:30,11.78,--,11670,13747354
10:23:25,11.78,--,724,852872
10:23:20,11.78,--,4336,5108938
10:23:05,11.78,--,1892,2229906
10:22:55,11.78,--,1320,1556090
10:22:50,11.78,--,3837,4520127
10:22:45,11.78,--,4057,4780229
10:22:30,11.78,--,3800,4477530
10:22:25,11.78,--,11896,14013488
10:22:15,11.78,--,1702,2005050
10:22:10,11.78,--,2135,2515077
10:22:00,11.78,--,1300,1531400
10:21:55,11.78,--,3060,3604680
10:21:45,11.78,--,3917,4615309
10:21:35,11.78,--,5275,6213997
10:21:25,11.78,--,1520,1791690
10:21:20,11.78,--,4127,4861653
10:21:10,11.78,-0.02,9203,10841181
10:21:05,11.8,-0.02,26547,31326073
10:21:00,11.82,0.02,15893,18785856
10:20:55,11.8,-0.02,12529,14784550
10:20:50,11.82,-0.02,20505,24237997
10:20:40,11.84,0.02,3121,3696353
10:20:35,11.82,0.01,308,365190
10:20:30,11.81,-0.01,939,1109006
10:20:25,11.82,0.02,479,566225
10:20:20,11.8,--,2365,2791785
10:20:10,11.8,-0.02,1680,1982400
10:20:05,11.82,0.02,870,1028434
10:20:00,11.8,--,1299,1533244
10:19:55,11.8,--,1959,2311667
10:19:50,11.8,--,641,757465
10:19:45,11.8,-0.01,1227,1447907
10:19:35,11.81,0.01,956,1130169
10:19:30,11.8,--,9424,11120320
10:19:20,11.8,--,1881,2219721
10:19:15,11.8,--,1532,1807760
10:19:05,11.8,--,759,895667
10:19:00,11.8,-0.01,714,843558
10:18:55,11.81,-0.02,1284,1516404
10:18:50,11.83,-0.01,604,714532
10:18:45,11.84,0.03,616,729344
10:18:40,11.81,-0.04,2053,2424734
10:18:35,11.85,--,2086,2472952
10:18:30,11.85,--,545,645967
10:18:20,11.85,0.07,15496,18363897
10:18:15,11.78,-0.08,28044,33036962
10:18:10,11.86,-0.01,1333,1582029
10:18:00,11.87,0.01,1427,1693896
10:17:45,11.86,-0.01,97,115184
10:17:40,11.87,-0.03,2836,3367471
10:17:30,11.9,--,249,297404
10:17:24,11.9,--,879,1046057
10:17:19,11.9,--,687,817577
10:17:09,11.9,--,2134,2540507
10:16:54,11.9,-0.01,822,978275
10:16:49,11.91,0.01,700,833700
10:16:39,11.9,-0.01,136,162982
10:16:34,11.91,0.01,697,830269
10:16:19,11.9,-0.02,280,334342
10:16:14,11.92,--,1295,1543687
10:16:14,11.92,--,209,250224
10:16:04,11.92,--,94,112143
10:15:59,11.92,--,433,517232
10:15:54,11.92,-0.01,2534,3020623
10:15:49,11.93,--,2523,3010941
10:15:44,11.93,--,373,445132
10:15:34,11.93,0.01,1804,2152172
10:15:19,11.92,-0.01,622,742472
10:15:19,11.93,0.01,1161,1385216
10:15:04,11.92,--,504,601912
10:14:59,11.92,--,9182,10945992
10:14:54,11.92,--,766,913167
10:14:49,11.92,--,389,464784
10:14:44,11.92,-0.03,1380,1645150
10:14:39,11.95,--,5145,6149374
10:14:34,11.95,--,874,1044525
10:14:29,11.95,0.04,140,167300
10:14:24,11.91,0.01,2405,2865450
10:14:14,11.9,-0.05,7946,9455835
10:13:49,11.95,0.03,3177,3797614
10:13:49,11.92,-0.01,273,325559
10:13:44,11.93,-0.02,3752,4476136
10:13:34,11.95,--,1225,1464974
10:13:29,11.95,-0.02,1262,1508185
10:13:19,11.97,-0.01,380,456009
10:13:14,11.98,-0.01,292,350966
10:13:09,11.99,-0.01,360,432791
10:13:04,12.0,-0.02,422,506496
10:12:59,12.02,0.01,3199,3845246
10:12:54,12.01,0.01,537,646041
10:12:49,12.0,-0.02,1248,1498752
10:12:39,12.02,0.02,1639,1970126
10:12:34,12.0,--,1888,2266752
10:12:29,12.0,-0.02,2324,2789376
10:12:24,12.02,0.01,5457,6559458
10:12:19,12.01,-0.01,148,178900
10:12:04,12.02,0.02,908,1092569
10:12:04,12.0,--,116,140352
10:11:59,12.0,--,4393,5271744
10:11:54,12.0,--,1980,2376576
10:11:49,12.0,--,982,1179456
10:11:44,12.0,--,359,430848
10:11:39,12.0,0.02,700,840000
10:11:34,11.98,--,432,517536
10:11:29,11.98,-0.02,1275,1527497
10:11:24,12.0,--,1326,1591296
10:11:19,12.0,0.02,906,1088256
10:11:14,11.98,0.02,68,81464
10:11:09,11.96,0.04,2975,3558147
10:10:59,11.92,0.01,1252,1492384
10:10:49,11.91,--,766,912401
10:10:44,11.91,0.01,481,573966
10:10:39,11.9,--,698,831286
10:10:29,11.9,--,4367,5196777
10:10:24,11.9,0.02,814,969707
10:10:14,11.88,--,1251,1486235
10:10:09,11.88,0.01,1122,1333601
10:09:59,11.87,0.01,1100,1306839
10:09:54,11.86,-0.01,978,1160382
10:09:49,11.87,--,722,857108
10:09:44,11.87,0.01,344,408328
10:09:39,11.86,-0.03,955,1132677
10:09:34,11.89,0.01,916,1089124
10:09:29,11.88,--,624,741312
10:09:24,11.88,--,833,990696
10:09:19,11.88,0.01,1608,1910304
10:09:14,11.87,-0.01,1058,1255940
10:09:09,11.88,--,762,906301
10:09:04,11.88,--,476,565678
10:08:59,11.88,-0.01,961,1142760
10:08:54,11.89,--,524,624177
10:08:49,11.89,-0.01,756,898884
10:08:39,11.9,-0.01,420,499800
10:08:34,11.91,-0.01,818,974333
10:08:24,11.92,0.01,1767,2106311
10:08:19,11.91,0.02,1752,2087775
10:08:14,11.89,-0.03,618,735848
10:08:09,11.92,0.03,461,549655
10:08:04,11.89,-0.04,705,839338
10:07:59,11.93,0.01,462,551261
10:07:54,11.92,0.01,3772,4496224
10:07:49,11.91,0.04,1115,1328393
10:07:39,11.87,-0.02,2680,3181349
10:07:34,11.89,0.01,2288,2720432
10:07:19,11.88,0.02,800,951540
10:07:14,11.86,--,1020,1209720
10:07:04,11.86,0.04,1711,2029293
10:06:49,11.82,-0.02,314,371242
10:06:44,11.84,0.02,244,290032
10:06:38,11.82,--,915,1081577
10:06:33,11.82,0.02,834,986828
10:06:28,11.8,-0.02,2050,2419094
10:06:23,11.82,0.02,2167,2562197
10:06:18,11.8,--,2051,2420227
10:06:13,11.8,--,5430,6407494
10:06:03,11.8,--,2877,3395945
10:05:58,11.8,--,1963,2316387
10:05:53,11.8,-0.04,14871,17548016
10:05:43,11.84,0.02,2234,2646097
10:05:38,11.82,-0.01,5295,6258737
10:05:28,11.83,-0.01,3180,3762981
10:05:23,11.84,0.02,1180,1397120
10:05:23,11.82,-0.01,698,826170
10:05:13,11.83,-0.01,2888,3417166
10:04:53,11.84,--,3018,3573880
10:04:48,11.84,0.04,576,681984
10:04:43,11.8,-0.01,2928,3456172
10:04:33,11.81,-0.01,7394,8732314
10:04:28,11.82,0.02,10027,11852528
10:04:18,11.8,-0.01,1893,2234825
10:04:03,11.81,0.01,9054,10693151
10:04:03,11.8,-0.01,3476,4101680
10:03:58,11.81,-0.01,2947,3480454
10:03:48,11.82,0.01,3272,3868260
10:03:43,11.81,-0.03,6332,7478469
10:03:28,11.84,0.02,2384,2822656
10:03:23,11.82,--,2402,2839164
10:03:13,11.82,-0.02,1025,1211597
10:03:08,11.84,-0.01,1584,1876592
10:02:58,11.85,-0.02,433,513152
10:02:53,11.87,-0.03,2300,2730100
10:02:43,11.9,--,11552,13748022
10:02:38,11.9,0.01,2412,2870280
10:02:28,11.89,-0.02,908,1079612
10:02:23,11.91,0.01,1355,1613852
10:02:13,11.9,-0.01,1171,1394013
10:02:08,11.91,-0.01,1365,1625762
10:02:03,11.92,-0.02,1288,1536440
10:01:53,11.94,-0.02,2024,2416656
10:01:43,11.96,--,2885,3450507
10:01:28,11.96,-0.02,406,485576
10:01:28,11.98,-0.01,2082,2494236
10:01:13,11.99,0.01,308,369292
10:01:08,11.98,--,416,499518
10:01:03,11.98,0.03,243,291161
10:00:58,11.95,-0.03,1488,1778160
10:00:53,11.98,0.04,892,1068616
10:00:48,11.94,-0.01,1914,2285316
10:00:38,11.95,--,256,305920
10:00:33,11.95,0.05,582,695490
10:00:23,11.9,--,7234,8609602
10:00:23,11.9,0.02,1564,1862207
10:00:13,11.88,-0.01,2120,2518560
10:00:08,11.89,0.01,880,1046320
10:00:03,11.88,-0.02,1856,2205118
09:59:53,11.9,0.02,1330,1583652
09:59:48,11.88,-0.02,6589,7827779
09:59:33,11.9,--,904,1076902
09:59:28,11.9,-0.09,2942,3501170
09:59:23,11.99,0.04,384,460416
09:59:18,11.95,--,719,859444
09:59:08,11.95,--,2548,3044860
09:59:03,11.95,0.03,352,421404
09:58:58,11.92,0.01,952,1134784
09:58:53,11.91,0.01,874,1042077
09:58:48,11.9,0.05,2221,2643037
09:58:43,11.85,-0.01,1478,1752567
09:58:38,11.86,0.02,4098,4860892
09:58:33,11.84,0.03,2345,2777474
09:58:28,11.81,--,3602,4253962
09:58:23,11.81,-0.01,2752,3250867
09:58:18,11.82,0.02,4133,4886293
09:58:13,11.8,--,6986,8243574
09:58:08,11.8,--,16439,19398256
09:57:58,11.8,-0.02,6768,7987372
09:57:43,11.82,--,3559,4206785
09:57:43,11.82,-0.02,2422,2862804
09:57:38,11.84,-0.01,2046,2423600
09:57:28,11.85,--,933,1105652
09:57:23,11.85,--,146,174147
09:57:18,11.85,-0.12,12840,15215400
09:57:08,11.97,-0.01,450,538650
09:57:03,11.98,--,707,847033
09:56:58,11.98,-0.02,9832,11779886
09:56:53,12.0,--,730,876000
09:56:48,12.0,--,436,523200
09:56:48,12.0,-0.01,3141,3769920
09:56:38,12.01,0.01,5851,7027867
09:56:23,12.0,--,1280,1536000
09:56:17,12.0,--,3078,3694752
09:56:07,12.0,-0.02,1886,2264352
09:56:02,12.02,0.02,154,185204
09:55:57,12.0,-0.05,191,229920
09:55:52,12.05,--,344,415676
09:55:47,12.05,-0.07,3668,4419940
09:55:37,12.12,--,1341,1625340
09:55:32,12.12,--,9267,11231652
09:55:12,12.12,--,584,707808
09:55:07,12.12,-0.02,816,988991
09:54:57,12.14,0.02,5199,6311634
09:54:52,12.12,-0.02,1847,2238612
09:54:42,12.14,0.01,292,355556
09:54:37,12.13,-0.01,1340,1625420
09:54:27,12.14,0.02,994,1206716
09:54:22,12.12,-0.02,762,924707
09:54:17,12.14,-0.01,783,950610
09:54:12,12.15,0.02,534,648810
09:54:07,12.13,0.01,272,329936
09:54:02,12.12,-0.03,1192,1445867
09:53:52,12.15,--,2566,3117690
09:53:47,12.15,-0.02,3210,3900150
09:53:37,12.17,--,232,282344
09:53:32,12.17,0.01,1737,2113977
09:53:22,12.16,-0.01,2740,3333007
09:53:17,12.17,-0.03,250,304250
09:53:12,12.2,--,163,198908
09:53:07,12.2,--,1326,1618891
09:53:02,12.2,--,833,1016308
09:52:57,12.2,-0.01,2457,2997979
09:52:52,12.21,--,3246,3963366
09:52:47,12.21,0.01,1012,1235652
09:52:42,12.2,--,1540,1878800
09:52:37,12.2,--,468,572131
09:52:32,12.2,-0.01,897,1094388
09:52:27,12.21,--,2885,3523512
09:52:17,12.21,-0.06,2004,2446884
09:52:02,12.27,0.01,1154,1417135
09:51:57,12.26,-0.04,2329,2855403
09:51:47,12.3,0.01,558,687520
09:51:42,12.29,-0.01,224,275296
09:51:37,12.3,--,1096,1349064
09:51:27,12.3,--,1124,1382716
09:51:22,12.3,--,2092,2574144
09:51:17,12.3,0.1,3427,4215554
09:51:12,12.2,0.05,5747,7012364
09:50:57,12.15,0.05,453,550443
09:50:52,12.1,-0.09,2050,2481661
09:50:42,12.19,--,2356,2871964
09:50:37,12.19,0.1,276,336444
09:50:27,12.09,-0.01,1125,1360173
09:50:22,12.1,0.01,4852,5870920
09:50:12,12.09,--,1370,1656330
09:50:07,12.09,-0.11,854,1033646
09:50:02,12.2,0.1,4684,5714480
09:49:57,12.1,-0.06,1350,1633500
09:49:52,12.16,0.06,4815,5855088
09:49:47,12.1,-0.05,1070,1294700
09:49:42,12.15,0.03,1518,1844370
09:49:37,12.12,-0.03,5264,6381131
09:49:32,12.15,--,676,821340
09:49:27,12.15,-0.01,4913,5969343
09:49:22,12.16,0.01,580,706447
09:49:17,12.15,-0.03,1700,2065500
09:49:12,12.18,0.02,488,594384
09:49:07,12.16,-0.03,856,1040896
09:49:02,12.19,--,361,440107
09:48:57,12.19,-0.05,5144,6270536
09:48:47,12.24,-0.01,466,571559
09:48:47,12.25,--,2112,2587200
09:48:42,12.25,--,1105,1353674
09:48:37,12.25,-0.02,5786,7087850
09:48:32,12.27,-0.01,4368,5359536
09:48:27,12.28,-0.01,5294,6502210
09:48:22,12.29,-0.01,988,1214252
09:48:16,12.3,-0.01,4434,5454607
09:48:11,12.31,-0.01,1712,2107472
09:48:06,12.32,-0.01,2596,3198764
09:47:56,12.33,0.03,6902,8511349
09:47:56,12.3,--,2440,3001200
09:47:51,12.3,-0.03,2471,3039379
09:47:46,12.33,-0.02,2030,2502990
09:47:41,12.35,-0.01,4264,5266040
09:47:36,12.36,--,2636,3258096
09:47:31,12.36,0.01,1376,1701922
09:47:26,12.35,-0.05,541,668184
09:47:21,12.4,0.03,10996,13635040
09:47:16,12.37,0.04,326,403262
09:47:12,12.33,0.03,1836,2263788
09:46:57,12.3,0.03,4910,6040284
09:46:47,12.27,0.01,1464,1796328
09:46:42,12.26,--,4314,5290140
09:46:32,12.26,0.01,7639,9365463
09:46:27,12.25,0.01,994,1217650
09:46:22,12.24,--,294,361031
09:46:17,12.24,--,188,230112
09:46:12,12.24,0.02,214,261936
09:46:07,12.22,0.01,245,299438
09:46:02,12.21,0.01,976,1192282
09:45:52,12.2,0.01,698,851560
09:45:47,12.19,--,252,307188
09:45:41,12.19,0.09,55,67093
09:45:36,12.1,-0.02,4454,5389340
09:45:31,12.12,0.02,790,958643
09:45:31,12.1,--,2138,2587173
09:45:21,12.1,--,1122,1358781
09:45:16,12.1,0.02,2409,2914938
09:45:11,12.08,-0.01,9590,11584720
09:45:06,12.09,-0.01,780,943020
09:45:01,12.1,0.03,9443,11426175
09:44:56,12.07,0.01,2349,2835291
09:44:46,12.06,-0.02,1560,1881360
09:44:41,12.08,0.01,800,966400
09:44:31,12.07,--,324,391068
09:44:26,12.07,0.03,1260,1521978
09:44:16,12.04,0.02,11603,13970060
09:44:11,12.02,-0.03,9852,11842104
09:44:01,12.05,0.01,746,898930
09:43:56,12.04,--,3612,4349618
09:43:46,12.04,--,2489,2996804
09:43:41,12.04,--,1925,2318711
09:43:36,12.04,0.01,3735,4496988
09:43:31,12.03,--,570,685710
09:43:31,12.03,--,1086,1307612
09:43:21,12.03,0.01,4222,5079739
09:43:11,12.02,0.01,3734,4489421
09:43:06,12.01,0.01,3017,3623465
09:42:56,12.0,-0.04,4262,5114400
09:42:51,12.04,0.01,3112,3748003
09:42:41,12.03,0.03,5347,6432489
09:42:36,12.0,-0.04,13660,16392576
09:42:26,12.04,--,11400,13725599
09:42:21,12.04,--,6046,7279383
09:42:11,12.04,--,1348,1623088
09:42:06,12.04,--,7701,9272533
09:41:51,12.04,--,4064,4893056
09:41:46,12.04,--,3904,4701571
09:41:36,12.04,-0.01,10383,12501180
09:41:31,12.05,-0.03,3012,3630616
09:41:21,12.08,0.03,11229,13564680
09:41:16,12.05,-0.02,2272,2737760
09:41:06,12.07,0.02,4228,5104354
09:41:01,12.05,0.01,777,936718
09:40:56,12.04,--,1662,2002203
09:40:51,12.04,0.04,3392,4083967
09:40:46,12.0,0.01,1024,1228800
09:40:41,11.99,--,2907,3485540
09:40:36,11.99,-0.01,2264,2714536
09:40:31,12.0,--,7494,8993952
09:40:21,12.0,0.01,5424,6508800
09:40:16,11.99,-0.01,7755,9298292
09:40:01,12.0,-0.04,7436,8923776
09:39:56,12.04,-0.02,1831,2204572
09:39:46,12.06,0.04,12375,14924780
09:39:41,12.02,-0.01,5202,6252804
09:39:31,12.03,-0.01,8641,10395171
09:39:26,12.04,0.01,6120,7369635
09:39:21,12.03,-0.04,1756,2112468
09:39:16,12.07,0.04,5165,6234203
09:39:11,12.03,-0.04,988,1189718
09:39:06,12.07,--,1247,1506191
09:39:01,12.07,-0.03,1237,1493059
09:38:56,12.1,-0.02,5817,7038570
09:38:51,12.12,0.02,8700,10544545
09:38:46,12.1,--,2470,2988700
09:38:41,12.1,--,1275,1542798
09:38:36,12.1,-0.02,1521,1841426
09:38:31,12.12,--,1286,1558632
09:38:26,12.12,-0.04,1877,2274924
09:38:21,12.16,-0.02,4496,5467136
09:38:06,12.18,0.02,6773,8249514
09:37:41,12.16,-0.04,11434,13903744
09:37:41,12.2,0.01,2324,2835280
09:37:36,12.19,--,6717,8188023
09:37:26,12.19,--,3592,4378648
09:37:21,12.19,-0.01,1293,1576167
09:37:16,12.2,0.02,1526,1861720
09:37:11,12.18,0.03,3529,4298322
09:37:01,12.15,0.05,497,603855
09:36:46,12.1,0.02,2562,3100213
09:36:46,12.08,0.01,3192,3857095
09:36:41,12.07,0.04,7940,9583580
09:36:31,12.03,0.01,2762,3322686
09:36:26,12.02,-0.03,2751,3306750
09:36:21,12.05,0.02,3564,4295776
09:36:16,12.03,0.03,1665,2004101
09:36:11,12.0,--,5257,6308544
09:36:01,12.0,0.03,6772,8126400
09:35:56,11.97,-0.02,5826,6973722
09:35:51,11.99,0.02,7183,8612417
09:35:41,11.97,--,1205,1442385
09:35:36,11.97,0.01,5864,7019208
09:35:31,11.96,0.06,3016,3608236
09:35:25,11.9,-0.01,7814,9298802
09:35:20,11.91,0.01,2615,3114465
09:35:15,11.9,--,2265,2695350
09:35:10,11.9,0.11,3286,3910340
09:35:05,11.79,-0.01,7848,9252792
09:35:00,11.8,--,3377,3984860
09:34:55,11.8,--,1624,1916320
09:34:50,11.8,0.02,11734,13846969
09:34:45,11.78,--,4523,5328659
09:34:40,11.78,--,7526,8866193
09:34:35,11.78,--,18574,21880172
09:34:30,11.78,--,5685,6696977
09:34:25,11.78,--,16860,19862210
09:34:20,11.78,--,6972,8213016
09:34:15,11.78,--,13914,16390692
09:34:10,11.78,--,6677,7865553
09:34:05,11.78,--,8682,10228526
09:34:00,11.78,-0.01,20168,23757904
09:33:55,11.79,0.01,11879,14005388
09:33:50,11.78,-0.02,26782,31550350
09:33:40,11.8,--,11370,13416600
09:33:35,11.8,-0.18,30484,35972134
09:33:30,11.98,0.02,8325,9973350
09:33:25,11.96,-0.03,2867,3428932
09:33:20,11.99,0.06,6860,8225307
09:33:15,11.93,-0.05,9659,11523187
09:33:05,11.98,--,2968,3555664
09:33:00,11.98,-0.01,6546,7842108
09:32:50,11.99,-0.01,3800,4556200
09:32:45,12.0,-0.08,13816,16579200
09:32:40,12.08,0.03,11475,13861800
09:32:35,12.05,-0.05,6606,7960495
09:32:30,12.1,--,2868,3470280
09:32:25,12.1,-0.03,1891,2288110
09:32:20,12.13,--,4046,4907798
09:32:15,12.13,-0.11,9986,12113018
09:32:09,12.24,0.03,3121,3820104
09:32:04,12.21,-0.09,5442,6644682
09:31:59,12.3,--,2112,2597760
09:31:54,12.3,-0.09,9123,11221290
09:31:49,12.39,-0.05,7970,9874830
09:31:39,12.44,-0.05,2210,2749240
09:31:34,12.49,-0.01,2308,2882692
09:31:29,12.5,-0.1,5514,6893000
09:31:19,12.6,--,3637,4582620
09:31:19,12.6,-0.01,3988,5024880
09:31:14,12.61,0.03,5694,7180134
09:31:09,12.58,-0.09,4045,5088610
09:31:04,12.67,0.07,1981,2509927
09:30:59,12.6,--,6068,7645680
09:30:54,12.6,-0.02,2931,3693060
09:30:49,12.62,-0.01,9333,11778246
09:30:44,12.63,-0.02,4357,5502891
09:30:39,12.65,-0.05,4007,5068855
09:30:34,12.7,0.1,8290,10528693
09:30:29,12.6,-0.2,3009,3791340
09:30:24,12.8,0.11,4892,6261760
09:30:19,12.69,-0.01,24354,30905226
09:30:14,12.7,--,9667,12277648
09:30:09,12.7,-0.04,9190,11672214
09:30:04,12.74,0.19,18992,24196865
09:25:03,12.55,12.55,27300,34261876

